1 4.7799 31.8135 0.3034 4.4640 1.8622 1.6104 1.4580 0.7342
1 1.6873 41.8884 0.8484 4.7571 1.9966 1.8067 1.5480 0.6444
1 -35.7594 -1.1668 -0.9887 4.3934 1.9233 1.7579 -2.9153 0.1314
1 -28.2120 -10.7700 -2.2660 4.3027 1.8873 1.6336 0.1425 0.1015
2 1.7177 41.9021 0.9247 5.2202 1.9497 1.8837 1.5735 0.1436
3 -3.5420 -50.9672 -2.1864 7.0306 2.6364 2.5110 2.1493 0.1097
5 -7.9162 -52.7750 -1.3537 15.6524 2.9092 3.9440 -2.5169 0.1018
6 5.3351 -22.2608 -1.5176 0.5234 3.1629 0.9379 3.1378 0.1936
6 5.4489 -19.1377 -1.5756 0.5276 2.7092 0.9305 -3.1226 0.1700
6 -2.9416 -49.1711 -2.3334 0.5551 3.1150 0.9489 0.1544 0.1159
6 5.4106 -21.0342 -1.4582 0.4222 2.1440 0.9532 0.7846 0.1053
7 -15.5899 -8.4987 -1.5153 2.0272 0.7295 1.3613 -0.6978 0.3307
8 -30.3830 1.9100 -0.8622 1.8124 0.7802 1.8410 2.3695 0.2936
8 13.8681 7.2036 -0.3884 1.5751 0.6321 1.1372 0.3088 0.2880
8 11.2347 7.4259 -0.3472 1.5553 0.5721 1.1224 1.8192 0.2340
8 -12.3872 22.8619 -0.2632 1.5416 0.6739 1.7564 1.5574 0.2073
8 -18.1773 -8.5512 -1.5385 1.7336 0.6851 1.7428 -0.3111 0.1231
7 -11.3768 4.3458 -1.2778 1.6485 0.5478 1.1753 -2.0222 0.1076
9 7.6012 2.5446 -0.6445 0.8447 0.7153 1.8793 -1.8147 0.9429
9 8.4927 2.0096 -0.6631 0.7848 0.6354 1.8401 1.6582 0.9274
9 7.5814 1.3698 -0.7448 0.7805 0.6430 1.8436 -1.6146 0.8908
9 -11.9146 -3.6949 -0.9587 0.7919 0.6738 1.8237 -1.5837 0.8894
9 6.7187 3.1767 -0.7532 0.8225 0.7046 1.7733 -1.8092 0.8844
9 6.6847 0.6353 -0.8035 0.8163 0.6940 1.8292 -1.5428 0.8683
9 6.9988 -2.4687 -0.9242 0.7975 0.6962 1.8104 -1.4990 0.8463
9 6.8317 -9.5196 -0.9152 0.9441 0.7700 1.9151 -1.4833 0.8405
9 -12.9817 -3.7829 -0.9704 0.7814 0.6972 1.8737 -1.4889 0.8016
9 -19.8718 -1.8449 -1.1725 0.5294 0.5545 1.6863 1.5982 0.7943
9 -10.0384 -22.1634 -1.2368 0.8493 0.7296 1.8769 -1.5119 0.7925
9 -8.2007 -4.7373 -0.9692 0.6905 0.7429 1.9277 -0.2141 0.7905
9 7.3319 -28.2767 -1.0429 0.7093 0.6407 1.7990 1.6708 0.7782
9 -19.7722 -1.0364 -1.1409 0.5604 0.5792 1.6867 -2.3500 0.7556
9 6.6444 -21.2514 -0.9767 0.8105 0.6962 1.8368 -1.6988 0.7506
9 9.2150 26.5776 0.3401 0.7925 0.7013 1.8234 1.5556 0.7139
9 -20.4615 -1.3497 -1.1870 0.5699 0.5789 1.6625 -0.2386 0.6980
9 7.9900 0.3696 -0.7770 0.8622 0.6809 1.8565 1.4599 0.6912
9 -9.1563 -26.8892 -1.2747 0.7942 0.7113 1.8311 -1.3529 0.6789
9 8.2478 -28.1032 -1.0440 0.7091 0.6437 1.7825 1.8389 0.6721
9 7.7933 -28.1131 -1.0173 0.7015 0.6378 1.7810 1.7435 0.6349
9 -12.4004 22.8839 -0.2957 0.7636 0.6976 1.7858 1.4787 0.6239
9 -17.3812 -3.4474 -1.1312 0.6497 0.6295 1.6600 -1.1193 0.5863
9 -20.2027 -1.6286 -1.1816 0.5695 0.5702 1.6626 0.6899 0.5450
9 -17.9935 -8.7580 -1.5436 0.6555 0.6689 1.6508 2.0364 0.5385
9 -18.1666 -4.0086 -1.1925 0.6174 0.6041 1.6616 0.9285 0.5143
9 -19.0546 -8.4267 -1.4283 0.5687 0.5803 1.6538 0.0686 0.4710
9 -18.6916 -8.2473 -1.5175 0.6123 0.6042 1.6098 -0.2197 0.4692
9 -20.6038 -11.1958 -1.6344 0.6125 0.6427 1.6918 -0.6114 0.4568
9 -30.3745 1.8944 -0.8428 0.7467 0.7184 1.8233 1.9747 0.4489
9 -19.6721 -12.0989 -1.6067 0.5792 0.6093 1.8555 2.3349 0.4400
9 -21.7387 4.6942 -0.5122 0.6410 0.6244 1.7686 -1.3371 0.4211
9 -22.8980 -9.5289 -1.8183 0.6408 0.6261 1.7563 0.1399 0.4179
9 -15.7534 -4.3647 -1.2643 0.7009 0.6538 1.4367 0.9833 0.3533
10 8.5388 -22.9334 -1.3850 0.3686 0.3766 1.1281 2.0327 0.3380
9 -22.1311 -11.4349 -1.8103 0.7230 0.6692 1.6659 1.7406 0.3312
9 -15.1297 -8.7905 -1.5037 0.6701 0.6462 1.5522 1.2199 0.3205
9 -23.7963 -12.7154 -1.5289 0.7256 0.6806 1.8405 1.8315 0.3118
10 -14.9724 -18.5231 -2.0175 0.3562 0.3623 1.1559 -0.5496 0.3107
9 -16.9609 -3.4745 -1.2284 0.7177 0.6625 1.5826 -1.5371 0.3097
9 -22.8273 -13.1487 -1.6594 0.6990 0.6545 1.7921 2.3197 0.2849
9 -22.8627 -10.7941 -1.8860 0.6372 0.6253 1.6890 -1.0031 0.2795
10 6.2281 29.2433 0.0733 0.3945 0.3972 1.2507 -1.8495 0.2546
9 -12.1208 22.4573 -0.3738 0.7167 0.6588 1.7198 1.4249 0.2435
9 -23.4983 -10.9357 -1.8866 0.6682 0.6240 1.5502 0.1703 0.2432
10 8.8444 -22.9297 -1.3740 0.4026 0.4002 1.2531 1.7496 0.2351
10 -16.6652 -8.9370 -1.7569 0.4182 0.4224 1.2426 2.5409 0.2229
10 6.5961 -30.0032 -1.5236 0.3904 0.3857 1.1288 0.7250 0.2036
9 -23.8069 -11.2298 -1.7796 0.6823 0.6592 1.6803 -0.5155 0.1979
9 -18.7256 -7.0152 -1.5087 0.6189 0.6005 1.5144 -0.7427 0.1892
9 -18.4684 -8.8011 -1.5358 0.7397 0.6979 1.6177 0.8341 0.1873
9 -16.9120 -4.2255 -1.2962 0.6991 0.6233 1.4669 2.2266 0.1869
9 -14.6026 -3.5620 -1.2834 0.6341 0.5961 1.4799 -1.2822 0.1785
9 -18.0746 -5.2622 -1.3920 0.6160 0.6029 1.5749 0.2581 0.1743
9 -20.2583 -0.8526 -1.1902 0.6707 0.6534 1.7279 -1.2856 0.1655
9 -21.6011 8.1832 -0.4071 0.7792 0.7318 1.8707 -1.3812 0.1652
9 -13.3044 22.7968 -0.2591 0.6841 0.6598 1.7867 1.4259 0.1645
10 -14.4949 -12.0336 -1.3716 0.3483 0.3552 0.7771 -3.0755 0.1618
9 -17.4153 -4.0670 -1.2126 0.7935 0.6743 1.5727 1.4956 0.1586
10 8.9017 -23.2288 -1.4556 0.4033 0.3953 1.2797 2.2203 0.1561
9 7.6516 -28.5972 -1.1393 0.7924 0.6879 1.7960 1.7224 0.1534
9 -23.3945 -12.9791 -1.5947 0.7475 0.6783 1.8327 -2.9924 0.1496
9 -22.3463 5.4440 -0.4749 0.5730 0.5909 1.7459 -0.7486 0.1480
9 -20.7408 -1.7020 -1.2263 0.7401 0.6825 1.7020 0.5876 0.1345
9 -20.4014 -12.4778 -1.7000 0.7480 0.6992 1.6612 0.7719 0.1329
9 -17.5464 -8.7832 -1.6128 0.8176 0.7523 1.7058 1.2059 0.1318
9 -20.2986 -2.1787 -1.2091 0.6332 0.6246 1.7066 1.1875 0.1310
9 -22.6798 -11.2721 -1.7936 0.6497 0.6010 1.6476 2.6044 0.1303
9 -23.3593 -10.1098 -1.8350 0.6876 0.6409 1.6125 -0.9275 0.1280
9 -22.3692 -10.9944 -1.7548 0.7440 0.6811 1.6539 2.7783 0.1240
9 -22.8825 -10.1717 -1.7735 0.6752 0.6420 1.6871 -1.0539 0.1240
10 9.8005 -23.9409 -1.6332 0.3603 0.3594 1.0398 0.6884 0.1218
9 -9.4671 -27.3718 -1.4231 0.8613 0.7262 1.8352 -1.4900 0.1211
9 -19.4667 -1.6379 -1.1167 0.6221 0.6587 1.8030 -3.0888 0.1209
9 -20.8207 -11.9441 -1.7365 0.8285 0.7350 1.5652 0.6025 0.1203
9 -20.8570 -12.5345 -1.6855 0.8117 0.7309 1.5923 0.9363 0.1173
9 8.3801 1.1905 -0.7216 0.9045 0.6809 1.8322 1.5698 0.1139
9 -34.0609 -0.4031 -0.9965 0.6294 0.6615 1.7485 0.5096 0.1129
9 -19.4815 -0.7545 -1.0616 0.6736 0.6764 1.7891 -1.9954 0.1122
9 13.9752 7.2250 -0.4454 0.7406 0.6964 1.5931 -1.6509 0.1122
9 -14.9680 -4.1585 -1.3680 0.5734 0.5247 1.3321 2.5408 0.1109
10 6.9988 -31.8693 -1.6307 0.3686 0.3743 1.1675 2.2982 0.1089
9 -21.1802 4.8524 -0.5974 0.6055 0.6131 1.7618 -1.8876 0.1088
