1 2.9659 40.4448 1.7143 4.3400 1.8752 1.6704 1.4949 0.7456
1 6.0052 40.3440 2.0669 4.2774 1.8088 1.5940 1.5090 0.6449
1 10.8373 13.7655 -0.1903 4.1516 1.7703 1.5011 -0.0973 0.1811
1 -48.6322 -20.4701 -3.5856 4.7673 2.1037 1.8817 -0.8686 0.1351
1 -2.4425 -54.0093 -3.9229 4.7435 2.0201 1.7754 -1.7204 0.1143
1 0.1009 -53.9873 -3.5050 4.8046 2.0507 1.8084 -0.8674 0.1039
3 8.9530 -14.8954 -1.3461 2.8979 1.3231 2.2540 0.1982 0.5779
2 -49.1871 -21.0439 -3.5629 6.0190 2.3209 2.2729 0.1509 0.1780
3 -20.3496 19.9163 0.8856 2.4658 1.3527 2.2977 -0.8677 0.1263
2 2.7425 40.9950 1.6850 5.5547 2.1245 1.9452 1.5402 0.1210
5 11.3375 13.7545 -0.1508 3.2329 2.0732 1.4358 -0.1599 0.1457
5 9.0149 -14.8339 -1.4440 2.4435 1.7217 2.1329 1.2023 0.1162
5 -9.6189 13.8189 -0.3345 2.4733 1.6298 2.3655 -0.3196 0.1157
5 -21.5205 14.5141 0.5693 2.6527 1.8467 2.7937 -2.3474 0.1004
6 4.9665 -12.0276 -1.7462 0.4803 1.9212 1.0281 3.0273 0.2271
6 5.5200 -20.5199 -2.1970 0.5263 2.1497 1.0577 -2.9187 0.2228
6 9.0870 -24.1449 -2.3054 0.2858 2.5689 1.0305 -2.9676 0.2208
6 9.3881 -24.1612 -2.3849 0.3224 2.5225 1.0192 -2.4762 0.1616
6 9.5395 -25.8818 -2.3080 0.4375 2.1806 1.0449 -2.8836 0.1492
6 5.3402 -11.3097 -1.7247 0.5440 1.8706 1.1551 2.8660 0.1418
6 -13.8374 -2.5461 -1.6362 0.4487 2.0003 1.0160 -1.4376 0.1413
6 9.4090 -24.4682 -2.2672 0.4313 2.1949 1.0256 3.0937 0.1394
6 -10.0974 13.8052 -0.8038 0.5446 2.0536 1.0675 1.1625 0.1393
6 -2.3717 -53.9926 -3.8501 0.5442 2.6438 0.9912 0.5571 0.1200
6 10.8271 13.1294 -0.4258 0.5589 2.6693 0.9822 -1.5317 0.1134
6 -17.8591 -8.3186 -1.0804 0.3276 2.6152 0.9797 -0.6383 0.1042
8 11.5388 16.3074 0.6213 1.6720 0.7746 1.4279 2.7821 0.2824
7 -20.3906 19.8728 0.8490 2.1744 0.8300 1.4310 2.7398 0.2303
7 -15.7737 0.2125 -1.6994 1.9493 0.6470 1.3318 -1.8242 0.1852
7 -32.3314 -3.5622 0.4048 1.8855 0.7137 1.5733 1.0322 0.1672
8 9.4539 -25.2208 -2.3331 1.4931 0.4971 1.0942 2.4073 0.1561
8 6.7706 1.0698 -0.7038 1.5467 0.7417 1.8696 -1.4345 0.1527
8 5.8675 -20.3638 -2.0306 1.4333 0.7171 0.9838 0.6712 0.1496
8 -10.1216 13.8445 -0.8053 1.8078 0.7197 1.1806 3.0699 0.1475
7 -13.5967 -5.5879 -1.7848 1.8989 0.6542 1.2084 0.4537 0.1420
8 10.3321 13.1968 -0.2649 1.8246 0.6028 1.1768 3.0704 0.1259
8 9.1233 -25.6711 -2.2430 1.5297 0.4950 1.0799 1.5305 0.1208
8 -11.0128 30.7121 0.7159 1.3794 0.5748 1.6469 1.2324 0.1175
8 -13.8374 -2.5420 -1.5021 1.8205 0.6305 1.1924 0.1468 0.1150
7 -17.9225 -8.2382 -0.8778 2.6729 0.8942 1.6919 -1.7595 0.1037
8 7.7609 -20.8074 -1.6319 1.1165 0.7353 1.8739 1.8142 0.1031
9 7.1818 7.0266 -0.5133 0.7063 0.6367 1.7450 -1.5556 0.8687
9 6.5377 -20.9087 -1.7926 0.7946 0.7573 1.8532 1.6329 0.8638
9 6.2181 -11.2013 -1.3117 0.9436 0.7977 1.9333 -1.5823 0.8456
9 7.9928 10.6552 -0.2225 0.7026 0.6201 1.7361 -1.8306 0.8248
9 7.0534 10.0871 -0.2121 0.7498 0.6412 1.7572 -1.6666 0.8150
9 -19.7018 7.7669 -0.8690 0.5353 0.5610 1.6671 1.3310 0.8030
9 8.1724 7.4245 -0.4401 0.7054 0.6057 1.7034 1.6218 0.7982
9 -19.7705 -2.4925 -1.6769 0.6061 0.6726 1.8740 2.3695 0.7571
9 8.6281 9.2452 -0.3431 0.8801 0.7431 1.8394 1.5199 0.7568
9 10.2967 33.6617 1.6895 0.7481 0.6992 1.8184 1.3038 0.7557
9 8.4742 11.9300 -0.0839 0.7037 0.6291 1.7696 -1.7053 0.7533
9 -10.4136 -11.7934 -1.6012 0.8179 0.7152 1.8277 -1.5716 0.7521
9 -18.0548 0.6793 -1.5811 0.7387 0.7018 1.4758 2.2332 0.7436
9 7.7033 -20.6223 -1.7103 0.8576 0.8121 1.8942 1.7771 0.7389
9 -19.8649 8.4954 -0.8558 0.5554 0.5568 1.6520 -0.7239 0.7322
9 -19.4275 8.7574 -0.8503 0.5553 0.5872 1.6827 -2.3698 0.7261
9 -9.8518 -16.3969 -1.9320 0.7453 0.6249 1.7239 -1.3757 0.7075
9 -12.7620 6.6644 -0.7367 0.7286 0.6637 1.8326 -1.7932 0.6994
9 -11.2582 30.7656 0.8669 0.6823 0.6152 1.7518 1.4231 0.6928
9 6.8057 0.9601 -0.6888 1.0161 0.8499 1.8905 -1.4579 0.6890
9 -17.3942 5.8978 -1.0599 0.5708 0.5829 1.7116 -0.3955 0.6652
9 -11.7983 31.0374 0.8761 0.6861 0.5981 1.7956 1.4165 0.6254
9 -11.8148 6.6771 -0.7715 0.6794 0.6278 1.7797 -1.8526 0.6041
9 -20.6352 -1.6341 -1.7524 0.5907 0.6383 1.8620 -0.7970 0.6030
9 -16.8396 6.1147 -1.1008 0.6013 0.6092 1.5885 -2.0983 0.6023
9 -8.2974 4.5910 -0.8868 0.6817 0.7562 1.9279 -0.9430 0.5874
9 -22.9960 -1.2245 -1.8840 0.5971 0.5941 1.4499 0.1216 0.5558
9 -17.6554 5.4643 -1.1102 0.5805 0.5904 1.6404 0.2331 0.5059
9 -29.8372 11.3487 -0.8217 0.7384 0.6966 1.8201 1.7352 0.4916
9 -19.0293 1.1950 -1.5974 0.6111 0.6196 1.6172 0.0888 0.4892
9 -31.7608 8.2090 -1.4147 0.6920 0.6365 1.7138 0.7537 0.4770
9 -16.6805 4.9704 -1.2696 0.6038 0.5937 1.4979 1.7741 0.4769
9 -16.7173 0.1907 -1.7296 0.6883 0.6369 1.3451 1.1974 0.4712
9 -22.8146 0.1446 -1.8461 0.7059 0.6439 1.3425 -1.8824 0.4690
9 -23.9141 -1.3551 -1.9114 0.6308 0.6059 1.3687 0.4758 0.4357
9 -20.8231 -2.1759 -1.8175 0.5822 0.5944 1.8356 0.0858 0.4310
9 7.1639 -20.8099 -1.7769 0.8881 0.8460 1.9018 1.7432 0.4197
9 -23.3616 -0.4370 -1.8465 0.6286 0.6091 1.3292 -0.8952 0.4128
10 9.2096 -25.2096 -2.2808 0.3750 0.3807 1.1507 2.0784 0.3581
9 -15.6601 5.0081 -1.2240 0.6100 0.6007 1.5423 2.5486 0.3568
9 -17.7860 5.0160 -1.2929 0.5917 0.5754 1.6580 1.0353 0.3450
10 -10.9208 13.7514 -0.8008 0.3791 0.3803 1.2875 1.1494 0.3421
9 -15.1585 0.5720 -1.6543 0.6560 0.6204 1.4708 2.9249 0.3348
9 -22.6835 -1.6207 -1.9450 0.6081 0.5808 1.4544 2.0664 0.3287
9 -22.2542 -1.8128 -1.9649 0.6011 0.5729 1.4502 1.4522 0.3148
9 -16.2964 4.8996 -1.2198 0.6524 0.6075 1.5058 2.0499 0.3044
9 -36.1934 -19.3435 -3.1125 0.6998 0.6827 1.8150 -0.6521 0.3026
9 -15.7152 0.2603 -1.6689 0.7683 0.6032 1.3606 2.8641 0.2915
9 -14.4601 5.8347 -1.0050 0.5814 0.5743 1.6280 2.8001 0.2837
9 -20.3827 -2.3308 -1.7071 0.7202 0.7107 1.8185 0.2399 0.2714
9 -16.2911 0.1816 -1.7053 0.8595 0.6330 1.2446 0.9908 0.2647
9 7.5875 12.7126 -0.2015 0.6725 0.6142 1.7283 -1.5944 0.2627
9 -14.9340 5.8836 -1.1100 0.5576 0.5541 1.5674 0.3009 0.2598
9 -17.5551 0.5752 -1.6061 0.7729 0.6813 1.4214 1.4849 0.2484
9 -16.4110 5.9967 -1.1354 0.5985 0.6194 1.5134 -1.6937 0.2427
9 -17.1731 6.3467 -1.0076 0.6458 0.6373 1.6996 -1.4762 0.2382
9 -21.4435 14.8521 0.3616 0.8187 0.8102 1.9318 0.7571 0.2314
9 -22.9498 -0.7182 -1.8312 0.6696 0.6391 1.3585 -0.8398 0.2250
9 -11.0156 6.6078 -0.8764 0.6219 0.5999 1.7531 -1.3136 0.2240
9 -20.1328 8.0271 -0.8199 0.6260 0.6021 1.7012 1.1015 0.2225
9 -13.0201 7.0232 -0.8340 0.7803 0.7125 1.8445 -1.8548 0.2178
9 -21.7270 -1.8356 -1.9194 0.6702 0.6548 1.5408 -0.3905 0.2174
9 -23.3780 -1.5581 -1.8933 0.6425 0.6138 1.5741 1.6458 0.2118
9 6.0166 -20.3889 -1.9827 0.8130 0.7481 1.5552 2.3603 0.2057
9 -22.3023 -1.3687 -1.9089 0.6365 0.6076 1.4145 -2.9012 0.2010
9 -15.4798 5.9215 -1.1525 0.6477 0.6393 1.5674 -2.4025 0.1939
10 -9.4613 13.9244 -0.7024 0.4232 0.4215 1.3642 -0.6605 0.1931
10 7.5668 37.8207 1.4022 0.4171 0.4211 1.2704 -1.2469 0.1876
9 -23.8363 -0.5831 -1.8326 0.8459 0.6785 1.3194 -0.5578 0.1849
9 7.3217 10.5758 -0.2126 0.7866 0.6656 1.7395 -1.7524 0.1841
9 -20.2838 8.7459 -0.8260 0.6703 0.6465 1.7551 -0.7653 0.1835
9 7.9836 11.9833 -0.1457 0.7615 0.6534 1.7661 -1.7174 0.1831
9 -27.7968 12.1018 -1.0138 0.7134 0.6972 1.8437 -0.4060 0.1764
9 -19.1022 1.6546 -1.5293 0.7360 0.6795 1.5897 -1.0982 0.1664
10 -15.3631 -9.0499 -2.1416 0.3602 0.3616 1.1424 0.7972 0.1593
9 -23.8027 -0.1212 -1.8101 0.8105 0.6645 1.3927 0.1928 0.1589
9 -21.7376 -1.3196 -1.8360 0.6335 0.6254 1.6340 -2.1263 0.1584
9 13.0090 35.3961 1.8414 0.6633 0.6628 1.7387 -2.0703 0.1563
9 5.2644 -11.5182 -1.4841 0.8658 0.7975 1.7145 -1.4300 0.1518
10 6.9681 1.6856 -1.1554 0.3941 0.4003 1.0428 -1.4802 0.1516
9 -22.4601 -0.0134 -1.9245 0.6013 0.5654 1.3134 -2.9304 0.1500
10 -22.8156 3.7174 -2.1043 0.4882 0.4504 0.8832 0.8988 0.1493
9 -17.2615 0.1253 -1.7034 0.8776 0.7243 1.4278 2.1715 0.1465
