1 -7.5705 7.6901 -0.8437 5.0173 2.0137 1.6580 -1.5770 0.8710
1 22.3277 -10.2994 -1.2386 4.3455 1.8232 1.5376 -0.0317 0.8586
1 -14.2474 22.4004 -0.3217 4.3872 1.8400 1.6240 0.2509 0.7958
1 4.5672 23.0191 0.0059 4.5774 1.8663 1.5539 1.5735 0.7721
1 -3.9831 -15.4027 -1.5173 4.8240 1.9623 1.6126 -1.5596 0.7693
1 0.2325 -29.2725 -1.6288 4.7578 1.9280 1.6592 1.5998 0.7024
1 1.6730 41.9812 1.1384 4.3846 1.8902 1.6492 1.5642 0.6840
1 -3.7199 34.7667 0.7192 4.4833 1.8577 1.5945 -1.6756 0.6561
1 -7.3625 24.4228 0.0579 4.6228 1.9569 1.8119 0.2103 0.6118
1 -1.2605 -41.0707 -2.1271 4.5180 1.8713 1.6174 -1.3307 0.5185
1 6.4615 53.6606 1.4304 4.8669 1.9929 1.8378 0.0136 0.4820
1 -8.4148 39.5826 1.2375 4.5490 1.8920 1.7381 -1.7327 0.3542
1 -8.4581 43.9232 1.4094 4.2586 1.8089 1.6449 1.6295 0.3228
1 6.7358 -39.6922 -1.7907 4.3885 1.8835 1.6208 1.5487 0.1810
1 -7.3096 38.4318 1.0418 4.3641 1.8391 1.6295 1.4272 0.1565
1 -8.5199 36.7148 0.8809 4.4808 1.8579 1.6232 -1.7500 0.1519
1 12.0169 -52.3588 -2.1585 4.6114 1.9896 1.8046 -1.5588 0.1463
1 -7.8624 53.6373 1.0624 4.5375 1.9275 1.7135 1.5404 0.1452
1 31.9104 -10.4044 -0.6514 5.3335 2.1203 1.9942 0.0936 0.1338
1 -28.7598 -6.6290 -1.2517 4.5088 1.9518 1.7152 0.0634 0.1243
1 -28.5886 16.4900 -1.2311 4.5418 1.9508 1.7073 -0.8834 0.1181
1 6.5453 51.5241 1.3607 4.5540 1.9669 1.7496 -1.5476 0.1079
1 -32.4258 -7.0765 -1.4979 4.3720 1.8634 1.6311 -0.1657 0.1016
2 31.9179 -10.3923 -0.6487 5.3445 2.1108 1.9605 0.0574 0.6908
2 6.4916 53.6855 1.0777 5.5982 2.3000 2.3791 -1.7674 0.3103
3 -40.2740 -17.9311 -2.1307 4.5911 2.3804 3.0188 1.1528 0.2315
2 -7.3830 24.4428 0.0432 4.8570 1.9566 1.8655 0.2025 0.2022
2 -8.4010 39.0191 1.3374 5.4192 1.9975 1.8893 -1.5006 0.1381
3 -19.1821 40.2426 0.9408 4.0215 1.9577 2.4304 0.5139 0.1238
2 -1.4581 -41.2517 -2.6898 5.2215 2.0926 1.9661 -1.2969 0.1162
2 -7.8042 53.6794 1.5733 6.8108 2.5720 2.9798 1.5644 0.1114
2 -3.6833 35.3196 0.8580 5.1967 2.0302 1.9419 -1.7120 0.1018
2 28.2454 -10.7311 -1.0994 5.1596 2.0809 1.8243 -0.2514 0.1017
4 6.5731 53.6422 1.1197 6.6126 2.3741 2.9628 -1.5555 0.1576
4 8.4848 53.6924 0.3424 11.1315 2.8347 3.3899 -1.5003 0.1265
5 -7.7718 53.6783 2.2246 13.5318 2.9893 3.6761 1.5386 0.1232
5 15.6419 53.5766 2.1724 13.5978 2.9989 3.9458 0.6140 0.1145
5 -14.2283 53.6427 2.8328 14.2259 3.0508 4.0758 -1.2438 0.1130
5 -19.1227 40.1459 1.5267 2.6717 2.1504 2.9807 -1.5313 0.1114
5 -40.1309 -17.4569 -1.6311 3.1327 2.0902 2.7164 1.5382 0.1013
6 -7.3055 52.8335 1.3005 0.4875 2.1343 0.9526 0.0724 0.1461
6 -13.7494 6.5538 -0.9245 0.5134 1.9542 1.0665 0.8093 0.1094
6 -14.3448 18.5478 1.0249 0.2342 2.2503 0.9595 0.3846 0.1074
7 -27.0156 -6.0167 -1.4235 2.4231 0.8210 1.4007 1.6681 0.2602
8 -19.0943 39.6520 0.9034 1.7222 0.5574 1.1451 3.1309 0.2423
8 -30.5787 -7.0667 -1.3616 1.7486 0.7414 1.8193 0.1006 0.2171
7 -1.6189 -39.5045 -2.0149 2.0527 0.8253 1.7350 -1.4936 0.1784
8 6.0904 -38.2949 -1.8517 1.8585 0.6512 1.2527 -0.9188 0.1442
7 -8.2726 38.4203 0.9265 2.0246 0.8458 1.3526 -1.0598 0.1412
8 24.0463 -17.3475 -0.8801 1.7020 0.5976 1.1386 2.9705 0.1373
7 -28.8159 -21.0647 -2.5916 1.8081 0.6882 1.3206 0.3623 0.1234
8 -19.6839 10.9060 -1.4406 1.7788 0.5961 1.2300 -2.5883 0.1232
7 -7.8805 38.9293 1.0162 2.0575 0.8103 1.4195 -1.5740 0.1193
7 -8.9406 38.9592 1.2107 2.1900 0.9066 1.4008 -1.3948 0.1103
7 -11.9807 -30.3915 -1.9436 2.0101 0.6982 1.2998 -0.6204 0.1090
7 -40.1771 -16.2860 -2.4336 1.8992 0.7958 1.7461 0.9033 0.1074
8 6.0841 -33.6344 -1.9641 1.7551 0.6215 1.1807 1.1588 0.1056
8 -1.3008 33.6319 -0.1226 1.7191 0.6755 1.1341 -1.6537 0.1038
7 -27.0351 15.0494 -1.3691 1.7962 0.6224 1.2284 -2.7716 0.1033
9 7.3763 -8.2617 -1.2369 0.6896 0.5973 1.6389 -1.4990 0.9079
9 6.4699 -6.5429 -1.2326 0.6891 0.6133 1.5944 -1.5539 0.8986
9 6.7618 -12.0089 -1.3324 0.8209 0.7201 1.7743 -1.3698 0.8965
9 6.5499 -8.9817 -1.2200 0.7385 0.6477 1.6600 -1.3249 0.8954
9 -8.2873 -13.5857 -1.4695 0.6118 0.6653 1.7915 -0.0162 0.8895
9 8.2534 -5.4138 -1.0912 0.8354 0.6977 1.7380 1.6753 0.8766
9 7.3164 -7.0134 -1.1957 0.7131 0.5958 1.7356 -1.6459 0.8749
9 -12.0941 -13.8429 -1.4183 0.7124 0.6154 1.6542 -1.3743 0.8681
9 7.8355 -6.9791 -1.1156 0.7348 0.6005 1.7814 1.6459 0.8556
9 6.7715 -20.0273 -1.2558 0.8772 0.7330 1.8230 -1.3355 0.8383
9 -19.9677 -10.6914 -1.5877 0.5113 0.5436 1.6532 1.1586 0.8361
9 8.9716 19.0391 0.0019 0.8555 0.6739 1.7716 1.8089 0.8262
9 6.4832 -31.6521 -1.5391 0.8706 0.7843 1.9290 -1.4761 0.7884
9 -19.7867 -9.8717 -1.4838 0.5146 0.5738 1.6594 -1.8311 0.7873
9 -12.9941 -13.8092 -1.4351 0.7064 0.6306 1.7382 -1.4220 0.7681
9 -8.7678 -37.0168 -1.8080 0.6944 0.6341 1.7224 -1.1145 0.7243
9 9.3784 37.1864 0.9063 0.6867 0.6296 1.7004 1.9199 0.7136
9 8.8486 30.6361 0.4944 0.6836 0.6337 1.7324 -1.7342 0.6973
9 -12.4986 15.1709 -0.4523 0.6726 0.6212 1.7152 1.7086 0.6728
9 -10.0958 -32.2517 -1.7665 0.7614 0.7241 1.8513 -1.3600 0.6635
9 -20.3049 -10.3348 -1.5600 0.4694 0.5103 1.5870 -0.0745 0.6432
9 -17.4476 -12.1240 -1.5709 0.6736 0.6363 1.5219 -0.6526 0.6339
9 8.1960 -6.8241 -1.0461 0.7889 0.6131 1.7928 1.6148 0.6227
9 -21.4062 -4.8712 -1.0171 0.7052 0.7036 1.8740 -0.1803 0.6122
9 8.0240 -35.6178 -1.6033 0.7272 0.6367 1.8375 1.6685 0.5966
9 -19.0754 -12.6269 -1.6133 0.6381 0.6222 1.5546 2.7206 0.5531
9 -31.3736 -9.6902 -1.6905 0.6313 0.5832 1.6144 1.0814 0.5364
9 -18.1120 -17.4510 -1.9352 0.6791 0.6632 1.5714 2.9159 0.5233
9 -30.4201 -7.1008 -1.3064 0.7052 0.6904 1.7169 1.3165 0.5130
9 -15.4051 -17.5923 -1.9987 0.8225 0.7400 1.2805 2.6403 0.4809
9 -15.9802 -13.0107 -1.7047 0.6919 0.6336 1.3271 2.7223 0.4746
9 26.7660 -4.7168 -0.7588 0.7066 0.6502 1.7907 1.9620 0.4728
9 -19.3108 -17.3164 -1.9081 0.5881 0.6000 1.6525 -0.0409 0.4680
9 -40.1108 -16.1883 -2.2435 0.7158 0.6859 1.5492 -0.5896 0.4661
9 -46.9577 -31.0183 -2.7229 0.7564 0.7046 1.8276 -2.5946 0.4504
9 -16.9798 -13.2719 -1.7942 0.6548 0.6087 1.2546 2.2116 0.4438
9 -52.8512 -37.6863 -2.9663 0.7403 0.7188 1.8560 -3.1104 0.4260
9 7.0685 -36.1829 -1.7148 0.7028 0.6268 1.8190 1.6800 0.4100
9 -47.2115 -35.2365 -2.6647 0.7479 0.7022 1.8372 -3.0904 0.3932
9 -14.8420 -12.4520 -1.6468 0.7119 0.6276 1.2771 -2.4122 0.3757
9 -28.9848 -22.0111 -2.4205 0.7160 0.6951 1.5735 1.4555 0.3641
9 -21.6455 -4.1799 -0.9639 0.6477 0.6543 1.8372 -0.4124 0.3605
9 -43.9787 -26.9879 -2.8124 0.6858 0.6579 1.7802 0.2808 0.3601
9 -11.1840 42.7381 1.4234 0.7077 0.6434 1.8130 -1.6329 0.3592
9 -18.6649 -16.9855 -1.9243 0.6037 0.5965 1.5987 -1.6701 0.3424
9 -16.9982 -12.2239 -1.6349 0.7356 0.6641 1.4278 -2.2553 0.3355
9 6.4959 -37.8088 -1.8985 0.7088 0.6584 1.8046 0.9572 0.3316
9 -31.3054 -7.6579 -1.3711 0.6208 0.6249 1.6695 0.9238 0.2623
9 -44.2126 -28.2631 -2.4236 0.7319 0.6900 1.8191 -0.1776 0.2581
9 -17.8279 -12.4111 -1.6238 0.6476 0.6106 1.4623 -2.0217 0.2414
9 -28.6432 -20.8220 -2.5034 0.7244 0.6814 1.3897 -1.3244 0.2378
9 -7.6368 49.3037 1.4609 0.6475 0.6532 1.5198 -0.7938 0.2352
9 -18.6344 -12.9826 -1.6541 0.6139 0.6104 1.4941 1.8622 0.2301
9 -20.8230 -20.3521 -1.8102 0.6528 0.6238 1.7523 -2.4148 0.2211
10 9.1664 -38.2757 -2.0117 0.3803 0.3811 1.1732 0.7502 0.2210
9 -14.5740 19.3182 0.5443 0.6113 0.6075 1.7434 2.8166 0.2068
9 19.8315 -2.3756 -0.3699 0.7112 0.6652 1.3364 2.7841 0.2058
9 -39.7348 -17.9664 -1.9808 0.6453 0.6557 1.7831 2.1997 0.2049
9 9.0278 19.6221 -0.0917 0.8746 0.7203 1.8070 1.8335 0.1956
9 8.5398 -31.9175 -1.6923 0.6293 0.6656 1.7020 2.1637 0.1956
9 -20.8996 1.8955 -0.4682 0.5877 0.5832 1.6729 -2.2708 0.1952
9 -18.5346 -17.7762 -1.8622 0.6810 0.6590 1.6245 1.8692 0.1922
9 6.7603 -6.9564 -1.2098 0.9519 0.6546 1.6154 -1.5513 0.1912
9 -39.7320 -16.9220 -2.0668 0.6836 0.7036 1.6228 -0.5918 0.1911
9 -19.7778 -21.5346 -1.7312 0.6211 0.6176 1.7459 1.3909 0.1880
9 -23.4927 -18.7346 -2.2681 0.6130 0.5904 1.5851 -0.1528 0.1878
9 -8.3411 51.6984 1.5959 0.5417 0.5695 1.5651 -1.3937 0.1865
9 -18.7554 -15.7684 -1.8093 0.7322 0.6656 1.5344 1.3777 0.1854
10 6.4301 -33.0865 -2.0414 0.4105 0.4078 0.9211 -2.9941 0.1841
9 -39.7220 -17.4216 -1.9348 0.6546 0.6745 1.7500 2.0999 0.1832
9 -12.6137 -14.1702 -1.3776 0.7860 0.6409 1.7386 -1.4115 0.1800
10 6.1659 20.2851 -0.4107 0.3310 0.3376 0.7950 -1.8632 0.1799
9 -21.6829 -3.7941 -0.9591 0.6053 0.6169 1.7662 -0.7148 0.1793
9 -19.2144 -17.7332 -1.8494 0.6738 0.6480 1.6520 0.6524 0.1790
9 -19.4664 -10.1251 -1.5717 0.5816 0.6025 1.7045 -2.1473 0.1783
9 -19.7442 -21.0271 -1.6415 0.6166 0.6198 1.7757 2.7572 0.1781
9 -18.1623 -16.9946 -1.8572 0.7171 0.6874 1.5594 -2.5874 0.1778
9 7.0184 -31.7178 -1.5813 0.8471 0.7818 1.9559 -1.5198 0.1713
9 -7.5815 51.0407 1.5227 0.5441 0.5638 1.4921 -0.9823 0.1675
9 7.0192 -8.9056 -1.2157 0.9402 0.6855 1.6640 -1.5287 0.1659
9 -10.5487 -32.2846 -1.9031 0.7524 0.6751 1.7980 -1.2489 0.1638
9 -7.7576 48.6505 1.5157 0.5626 0.5708 1.3891 -0.3198 0.1612
9 -50.9033 -42.0571 -3.4429 0.7361 0.7024 1.8546 -1.9828 0.1586
