1 5.2200 36.1128 1.1698 4.2983 1.8229 1.6403 1.5009 0.6770
1 2.2525 40.7658 1.3387 4.5620 1.9238 1.7556 1.5353 0.6506
1 -0.4329 -53.9915 -3.2460 4.8778 2.0670 1.8169 -0.6141 0.1782
1 -2.4037 -54.0095 -3.3583 4.7005 2.0072 1.7504 -1.7048 0.1574
1 0.8157 41.1555 1.5389 4.8415 2.0399 1.7749 1.7212 0.1174
3 -32.3681 -8.4604 0.1133 4.9622 2.2936 2.6723 1.0664 0.3327
2 -0.1885 -53.9939 -2.9842 6.4390 2.6518 3.1974 -1.4129 0.1522
2 2.2516 40.8284 1.3052 4.9862 1.8844 1.8010 1.5465 0.1442
3 -2.3674 -54.0058 -3.2963 5.4201 2.5127 2.9722 1.8361 0.1329
3 -21.0641 13.7238 0.3132 4.3188 2.1076 2.6477 -2.9261 0.1278
3 -22.2159 -6.0046 -2.4440 5.6235 2.5993 2.3897 -0.6024 0.1215
3 -31.7850 3.1100 -2.1271 2.0108 1.2252 1.7231 1.0686 0.1000
5 9.0424 -19.7525 -0.9484 2.9172 1.9029 2.7460 1.6457 0.1484
4 0.4836 -53.9968 -2.9658 12.2026 2.9277 3.5542 1.6107 0.1451
4 -1.8026 -54.0001 -2.9587 10.9316 2.7947 3.4111 1.6112 0.1035
6 -1.8304 -54.0003 -3.7141 0.5439 2.3257 1.0328 2.4862 0.1581
6 -2.3737 -54.0052 -3.6627 0.5572 2.3829 1.0018 2.3186 0.1486
6 -31.1939 3.0738 -1.8683 0.4578 2.0121 1.0714 -1.2259 0.1356
6 -1.2272 -54.0041 -3.6850 0.5268 2.3874 1.0138 1.2528 0.1334
6 8.4729 -19.0496 -1.3762 0.7647 1.3704 1.4472 -1.8884 0.1299
6 -31.1541 3.5042 -1.6839 0.4631 2.0800 1.0376 -0.8414 0.1130
6 5.2080 -17.2654 -1.8296 0.3836 2.2263 1.0096 3.1209 0.1098
6 8.2540 -19.9438 -1.6478 0.6214 2.0835 1.1776 -2.9591 0.1087
6 5.2907 -15.4475 -1.6870 0.4234 2.0788 0.9490 -3.0798 0.1087
6 6.0517 -25.1438 -2.1834 0.6041 3.5623 0.9654 -3.0433 0.1075
6 -13.3938 -10.2821 -1.7350 0.4609 2.0148 1.0217 1.6774 0.1045
6 -21.9793 10.0878 -0.4728 0.4595 2.0558 1.0295 0.7070 0.1045
8 -10.3293 -16.9417 -1.4769 1.0744 0.6997 1.8599 -1.7182 0.3319
8 -31.7405 3.0561 -1.8190 1.6435 0.5916 1.1926 3.0920 0.3272
7 -18.7013 -3.6267 -1.7885 1.9948 0.8384 1.4687 0.0805 0.2213
7 -32.2882 3.5421 -1.6928 2.1811 0.7903 1.3560 -0.2633 0.1790
8 -31.1507 -7.9723 0.0327 1.7240 0.6060 1.1557 -2.3589 0.1732
7 7.1101 34.0555 0.7929 1.7265 0.6096 1.1023 -2.9719 0.1566
7 -11.8597 9.1233 -1.2152 1.9481 0.7001 1.3140 0.5275 0.1431
8 -9.4635 -21.6534 -1.7394 1.4078 0.7041 1.7299 -1.4020 0.1397
7 6.7172 33.5616 0.8327 1.6638 0.6346 1.0578 -3.0173 0.1390
7 -22.0186 10.1174 -0.3296 1.8359 0.6545 1.3128 2.4831 0.1290
7 -1.8150 -54.0330 -3.6712 1.9020 0.7739 1.4191 2.5032 0.1274
7 -15.4801 -3.7152 -1.8245 1.9613 0.7373 1.2271 -1.2827 0.1138
8 5.5323 -23.4310 -2.0633 1.5891 0.5786 1.0766 1.4791 0.1120
9 7.9663 7.3605 -0.4357 0.8094 0.6836 1.7748 -1.8212 0.9020
9 6.7451 -4.3550 -0.8701 1.0028 0.7898 1.9585 -1.5449 0.8909
9 7.0335 2.2722 -0.6741 0.7995 0.7056 1.7692 -1.6524 0.8908
9 7.7430 6.0682 -0.5691 0.6871 0.6641 1.8235 -1.1995 0.8522
9 8.5550 5.6189 -0.5027 0.8053 0.6909 1.8032 1.3719 0.8280
9 -11.8516 1.5599 -0.9081 0.7304 0.6483 1.7715 -1.4831 0.8059
9 -8.1897 -0.1215 -0.9659 0.8767 0.8630 1.9879 -0.6880 0.8002
9 -13.0305 1.4116 -0.9986 0.7347 0.6873 1.8175 -1.4661 0.7996
9 6.4219 -16.1818 -1.2342 0.8254 0.6963 1.8254 -1.6962 0.7985
9 6.9527 8.0113 -0.4441 0.7086 0.6361 1.6494 -1.7005 0.7730
9 7.0049 -24.5033 -1.5867 0.7297 0.6418 1.8036 1.6555 0.7635
9 6.8141 5.3875 -0.6124 0.6971 0.6424 1.7104 -1.4388 0.7611
9 -19.8283 2.8451 -1.1397 0.5560 0.5808 1.7377 1.4089 0.7241
9 9.5913 30.1116 1.3053 0.8135 0.7721 1.9328 1.6870 0.7173
9 -12.1219 26.8225 0.3347 0.8278 0.6957 1.8543 1.5414 0.7074
9 -19.7666 3.8344 -1.1036 0.5800 0.6024 1.7443 -1.9366 0.7005
9 -9.4922 -21.6275 -1.7540 0.7593 0.6655 1.7472 -1.3500 0.6866
9 7.9703 -24.3734 -1.5228 0.7352 0.6515 1.8370 1.6512 0.6825
9 -10.3078 -16.9009 -1.5764 0.8851 0.7292 1.8131 -1.7205 0.6823
9 7.9307 3.9794 -0.6875 0.7681 0.6366 1.7476 1.3850 0.6742
9 -20.2393 3.4701 -1.1497 0.5945 0.6074 1.7381 -0.1241 0.5947
9 -17.5163 1.1802 -1.2097 0.6935 0.6525 1.5771 -0.7749 0.5365
9 -15.7408 0.3856 -1.2495 0.6549 0.6308 1.5421 1.0511 0.4556
9 -16.7895 1.2110 -1.2903 0.6847 0.6364 1.4551 -2.1617 0.4359
9 -30.1010 6.5780 -1.1879 0.6815 0.6451 1.7894 1.9719 0.4229
9 -19.1626 -3.7220 -1.8717 0.6318 0.6357 1.5576 0.1839 0.4096
9 -17.8050 0.6715 -1.2169 0.6491 0.6290 1.7140 0.2285 0.3972
9 -14.8175 1.1442 -1.2684 0.6992 0.6430 1.4914 -2.2452 0.3439
9 -17.9990 -4.0754 -1.8318 0.6774 0.7032 1.6987 2.4699 0.3432
10 6.7170 33.4501 0.9524 0.3875 0.3918 1.1883 -1.9524 0.3343
9 -11.6355 26.5204 0.3038 0.7754 0.6682 1.8051 1.4877 0.3187
10 9.1068 -18.6532 -1.4990 0.4626 0.4656 1.4004 1.7493 0.3067
9 -31.7615 3.0838 -1.7970 0.5411 0.5251 1.4363 -0.0821 0.2937
10 -14.5946 -7.3384 -1.7838 0.3289 0.3363 0.7606 2.0731 0.2754
9 -17.2560 1.6000 -1.3104 0.6816 0.6461 1.5442 -1.4265 0.2725
9 -13.7882 1.2972 -1.1411 0.6711 0.6519 1.7124 -1.1241 0.2540
9 -21.4980 9.6077 -0.3790 0.6474 0.6436 1.7544 1.2857 0.2379
10 -15.1429 -13.8728 -2.1531 0.3443 0.3480 0.7979 0.1229 0.2362
9 8.3341 -18.6926 -1.5687 0.4249 0.4328 1.3502 1.6734 0.2184
9 -12.5655 26.5853 0.3334 0.9388 0.7796 1.8644 1.6825 0.2096
9 11.2674 12.0418 0.1916 0.5496 0.5683 1.6559 2.9475 0.1996
9 -20.2373 4.0263 -1.1219 0.6467 0.6480 1.7534 -0.9234 0.1943
10 -13.1389 -7.1084 -1.5356 0.3392 0.3498 1.1497 -1.8693 0.1894
9 -15.1289 -4.0834 -1.7099 0.7134 0.6764 1.5801 2.0174 0.1891
9 8.9537 -19.0378 -1.4858 0.5702 0.5875 1.6228 1.4039 0.1766
9 -16.8491 0.6604 -1.3265 0.7063 0.6337 1.4441 2.0170 0.1750
9 -19.4724 3.0434 -1.0578 0.6403 0.6646 1.8317 2.3263 0.1744
9 14.0516 11.1701 0.1488 0.5700 0.5637 1.5930 -2.7908 0.1647
9 -18.0042 0.0688 -1.5194 0.6306 0.6081 1.5815 0.3868 0.1475
9 -15.4999 1.1159 -1.2490 0.7336 0.6577 1.5460 -1.5843 0.1445
9 -8.2400 0.4174 -0.9231 0.9912 0.8435 1.8884 -0.6734 0.1387
9 7.8351 5.6208 -0.5378 0.8462 0.7196 1.7823 -0.0654 0.1384
9 -20.2029 2.5799 -1.1690 0.6933 0.6695 1.7824 1.0778 0.1354
10 5.4822 -23.0157 -2.0891 0.2962 0.3066 1.0609 -2.8770 0.1322
9 -13.0523 25.9186 0.3532 0.5946 0.5980 1.7332 0.8545 0.1316
9 -15.4016 -10.6519 -1.3681 0.6244 0.6359 1.8094 2.8777 0.1297
9 -18.4370 -4.0836 -1.8387 0.7903 0.7152 1.6329 2.0964 0.1257
9 7.5669 2.3415 -0.7494 0.8498 0.6960 1.7849 -1.6745 0.1178
9 -16.8876 0.1868 -1.4891 0.6426 0.5962 1.3468 2.1862 0.1173
9 -11.2826 9.1502 -1.1456 0.5128 0.5073 1.0762 3.0288 0.1164
9 6.2480 -4.2486 -0.9203 0.9636 0.8073 1.8592 -1.4470 0.1158
9 -22.2317 10.2999 -0.4917 0.6511 0.6333 1.5447 0.9725 0.1147
9 -18.9894 -2.5111 -1.7780 0.5377 0.5394 1.4540 -0.8665 0.1132
10 5.4420 -23.2652 -2.0321 0.3636 0.3630 0.8953 2.9053 0.1126
9 -20.8565 -7.1585 -2.0140 0.7927 0.7354 1.5606 0.3274 0.1106
9 8.9787 11.8236 0.0535 0.6839 0.6880 1.7538 3.0242 0.1094
9 7.3762 7.3387 -0.4713 0.9647 0.7307 1.7505 -1.7591 0.1082
9 -9.9461 -21.6361 -1.8296 0.8575 0.7350 1.7950 -1.3690 0.1070
9 -13.2654 2.2718 -1.0840 0.6864 0.6280 1.7199 -1.4163 0.1064
9 6.9694 -16.2121 -1.3185 0.7546 0.6692 1.7319 -1.6793 0.1032
9 -23.8067 -6.3927 -2.2280 0.6631 0.6254 1.7360 1.4099 0.1017
9 7.1525 -24.9669 -1.6498 0.8457 0.7037 1.8143 1.6201 0.1011
9 -20.7765 -6.6701 -1.8867 0.7067 0.7280 1.8175 -1.0280 0.1010
10 -1.8794 -54.0037 -3.5180 0.5363 0.5273 1.5733 1.0870 0.1005
