1 3.5820 40.0931 2.1418 4.7514 2.0152 1.8147 1.4898 0.4929
1 -45.6725 -13.2622 -2.9764 4.4410 1.8973 1.6552 2.6098 0.2543
1 2.1507 39.6365 1.8290 4.4648 1.9173 1.7174 1.7368 0.1962
1 -45.0907 -14.9590 -2.8548 4.5680 1.9425 1.6774 3.0683 0.1364
1 -32.4663 13.1732 -0.6351 3.7224 1.7158 1.4610 2.5977 0.1056
2 13.1134 40.8927 2.5694 6.7703 2.5920 3.0326 1.7558 0.1488
3 -23.4508 -4.8213 -2.3031 3.9047 2.2052 2.4492 -0.7007 0.1482
2 3.6011 40.4425 2.2145 5.0713 2.0089 1.8253 1.5120 0.1229
5 -19.2083 24.7699 2.2669 1.8797 1.9556 3.0167 -2.7695 0.1838
5 18.1089 41.2735 3.1616 13.2525 2.9741 4.0380 0.0845 0.1805
5 -24.3572 -0.1916 -0.7466 18.9099 3.0407 4.6213 2.3869 0.1237
5 -16.3345 -1.1408 -1.1440 4.1979 1.7500 2.2390 -1.4242 0.1170
5 -26.9213 -1.9346 -0.7124 17.4499 3.0143 4.3321 2.1381 0.1113
5 -23.6434 -0.0880 -0.8758 16.5689 2.9461 4.3190 1.2226 0.1066
5 8.7408 43.9528 2.9693 14.5714 2.9645 3.9883 2.5543 0.1048
5 -21.2266 -9.7480 -0.7947 16.7130 2.9412 4.3628 2.8175 0.1014
6 5.5203 -19.8878 -2.9597 0.5189 3.4054 0.9002 -2.8653 0.2410
6 5.7806 -19.9238 -2.9305 0.5873 3.2243 0.9376 -1.9808 0.1387
6 5.3610 -18.1759 -2.6551 0.4679 2.9919 0.9373 -2.9849 0.1383
6 -23.3485 -6.4631 -2.3062 0.6322 0.8705 0.7832 -0.4600 0.1381
6 -14.8809 6.9616 -1.2351 0.5760 3.0668 0.9197 -1.7031 0.1361
6 8.4709 -10.3601 -1.6626 0.7623 1.4008 1.3683 -2.9040 0.1312
6 -23.8594 -5.4579 -2.5668 0.6300 3.4324 0.9330 0.1009 0.1298
6 -7.0150 -20.9814 -3.1324 0.5169 3.4836 0.9223 0.1023 0.1121
6 -23.4980 -4.9447 -2.5847 0.5687 3.5188 0.9556 -0.5512 0.1059
6 -39.6350 -13.2253 -2.9285 0.4528 2.0218 1.0193 0.8593 0.1013
7 -17.9127 5.5752 -1.2224 1.8465 0.7280 1.4684 -2.9410 0.2796
7 -23.4600 -6.4963 -2.3116 1.8809 0.6798 1.2883 0.3707 0.2090
8 -13.7857 -0.8222 -1.2582 1.6276 0.5022 1.0400 -3.1257 0.1958
8 -10.3920 -10.8741 -1.6748 1.7559 0.6938 1.9091 -1.4037 0.1929
8 -16.1709 5.3683 -1.3905 1.6952 0.7294 1.1307 1.9440 0.1272
8 -18.4504 5.9319 -1.2219 1.8270 0.8216 1.3127 0.3895 0.1158
8 -13.8209 2.1835 -1.2233 1.8358 0.6154 1.1876 -3.0833 0.1157
8 8.4007 -10.2899 -1.6412 1.7533 0.6095 1.2816 2.9767 0.1129
8 -24.5261 -3.7285 -2.1817 1.8654 0.5642 1.1950 2.4867 0.1082
8 -39.5863 -13.3373 -2.8302 1.7351 0.6415 1.4018 2.4768 0.1074
8 -16.7469 5.4348 -1.3432 1.8194 0.6583 1.1716 -1.8845 0.1066
7 -44.2824 -13.6730 -2.9789 2.0005 0.8174 1.8197 2.6813 0.1047
9 8.4525 10.8766 -0.3174 0.7963 0.6575 1.8421 1.4284 0.8597
9 8.5756 15.1406 0.0069 0.6255 0.5639 1.6374 -1.7358 0.8493
9 7.6216 14.6166 -0.0272 0.6940 0.6047 1.6915 -1.6797 0.8424
9 8.9110 12.6636 -0.1407 0.8497 0.7490 1.8764 1.5989 0.8405
9 7.2758 -17.1816 -1.9235 0.8115 0.7299 1.8130 1.6880 0.8295
9 7.6101 11.5993 -0.3189 0.7789 0.6734 1.8271 -1.5254 0.8231
9 -11.3851 11.8418 -0.1478 0.7955 0.6574 1.8186 -1.6108 0.8137
9 -10.6441 -6.4078 -1.2719 0.8569 0.7248 1.8095 -1.7710 0.8047
9 -12.4009 11.9209 -0.1233 0.8304 0.6993 1.8902 -1.6769 0.7794
9 6.1494 -17.3707 -2.1046 0.8560 0.7594 1.8269 1.7166 0.7585
9 6.0737 -6.3768 -1.2103 1.0045 0.8208 1.9584 -1.4065 0.7473
9 -10.3939 -10.9726 -1.5983 0.8670 0.7078 1.8489 -1.3916 0.6746
9 9.0753 16.6736 0.1771 0.7346 0.6676 1.7900 -2.6747 0.6656
9 7.0335 5.8900 -0.6074 0.9213 0.8753 1.9560 -1.9014 0.6583
9 -8.1661 9.2358 -0.2898 0.7410 0.7877 1.9342 -0.3833 0.6318
9 -10.2475 34.8425 1.7891 0.7346 0.6507 1.8177 1.7244 0.5980
9 -50.0172 -11.8472 -2.4185 0.8018 0.7692 1.9244 -2.7100 0.5979
9 -29.3239 16.1748 0.1358 0.6479 0.6155 1.6749 1.2374 0.5946
9 -44.3101 -9.6611 -2.5748 0.7740 0.7276 1.9240 -2.7562 0.5914
9 -19.0002 13.5871 -0.0674 0.6354 0.6353 1.7116 -2.2962 0.5669
9 11.4168 37.0248 2.3958 0.7437 0.7062 1.8946 1.2186 0.5660
9 -17.1790 10.6891 -0.1674 0.6154 0.6160 1.6593 -2.6425 0.5558
9 -4.9658 -52.0444 -4.9685 0.6958 0.6446 1.8156 -1.4866 0.5315
9 -10.6866 35.0165 1.8575 0.7583 0.6569 1.8178 1.6864 0.5109
9 -31.8026 13.0622 -0.4903 0.5903 0.5857 1.6879 -0.0264 0.5044
9 -37.0293 -13.5922 -2.8066 0.8285 0.7668 1.8456 -1.5620 0.5000
9 -17.4034 10.2721 -0.2736 0.5764 0.5778 1.5141 -3.0838 0.4527
9 -19.5877 13.1678 -0.1018 0.6375 0.6023 1.7113 2.0990 0.3972
9 -16.8992 10.2017 -0.2931 0.6670 0.6262 1.4000 -0.8534 0.3410
9 -16.4333 9.7873 -0.4710 0.7168 0.5782 1.2838 -1.8813 0.3321
9 -39.0936 -13.7078 -2.9028 0.6683 0.6575 1.7654 1.8968 0.2989
9 -3.6554 -49.9163 -4.7360 0.6534 0.6214 1.7974 -1.3296 0.2827
10 7.7290 -10.2211 -1.7824 0.3916 0.3993 1.2577 1.1648 0.2749
9 -20.9622 19.8011 1.1511 0.6961 0.6791 1.8862 0.3431 0.2687
10 8.4795 -10.3081 -1.7274 0.4313 0.4472 1.2810 2.3912 0.2483
9 -29.4759 16.6293 0.2048 0.6704 0.6291 1.7256 1.2153 0.2481
9 -19.3709 12.6729 -0.2251 0.6721 0.6358 1.6782 1.6140 0.2450
9 -17.8636 5.5715 -1.1713 0.7741 0.7558 1.6198 1.4577 0.2420
9 -3.6195 -51.7393 -5.2075 0.5792 0.5893 1.8025 0.3238 0.2400
9 6.6880 -17.0067 -1.9073 0.9196 0.8173 1.8441 1.7451 0.2227
9 -18.5081 5.4542 -1.2969 0.6177 0.6205 1.6366 0.3969 0.2190
9 -23.2390 -6.4690 -2.2497 1.1963 0.8366 0.9694 2.2205 0.2139
10 -9.0290 18.6969 0.3147 0.4681 0.4616 1.4535 1.7316 0.2027
9 5.3595 -16.9118 -2.2592 0.6869 0.6349 1.7336 1.8033 0.1872
9 7.9814 10.9068 -0.3011 0.8525 0.7026 1.8308 1.3255 0.1863
9 12.4065 16.9547 0.1287 0.5394 0.5127 1.6188 0.2277 0.1859
10 -15.5137 -4.2435 -1.7524 0.3007 0.3065 0.8492 -3.0555 0.1822
9 -39.5174 -13.3050 -2.8706 0.7992 0.7271 1.8541 2.2913 0.1773
9 -29.8342 16.8821 0.1416 0.6809 0.6367 1.7149 0.8522 0.1745
9 -29.9226 17.2936 0.0554 0.6747 0.6535 1.7500 -0.6041 0.1626
10 8.8344 -10.2849 -1.8476 0.4082 0.4066 1.2553 2.5930 0.1615
9 -15.5184 10.0339 -0.4999 0.6161 0.5763 1.3052 2.2815 0.1522
9 11.3299 16.9488 0.0904 0.5712 0.5569 1.5947 -0.0243 0.1450
9 9.0063 17.1497 0.2264 0.7786 0.7071 1.8143 -3.0920 0.1437
9 8.3183 14.6225 -0.0480 0.7842 0.6348 1.6904 -1.7164 0.1403
9 -29.4347 17.2439 0.1301 0.6398 0.6167 1.6839 -1.4870 0.1362
9 -4.3443 -52.1288 -4.7600 0.7646 0.6795 1.8607 -1.3405 0.1347
9 -28.7319 17.4284 0.2223 0.6108 0.5974 1.6729 -2.4124 0.1316
9 -27.6970 17.4968 0.5708 0.6340 0.6247 1.6276 -0.1470 0.1305
10 4.9928 -7.3760 -1.7833 0.3494 0.3487 0.8692 3.0908 0.1289
9 -40.3489 -6.1226 -2.4397 0.6242 0.6407 1.8154 -0.1397 0.1252
9 -14.9377 5.2589 -1.2857 0.6236 0.5787 1.2864 -2.6807 0.1247
9 -18.4473 5.8947 -1.1629 0.6467 0.6717 1.4885 0.6579 0.1235
9 -42.7245 -16.7813 -2.9536 0.6679 0.6697 1.4246 2.0396 0.1225
9 -11.2966 34.7376 1.8266 0.7999 0.6887 1.8099 1.4127 0.1174
9 -42.9992 -16.3544 -3.0273 0.5660 0.5802 1.5630 1.2500 0.1167
9 10.1113 17.3029 0.2658 0.6694 0.6149 1.7289 -3.0945 0.1155
9 11.4747 37.6918 2.3339 0.8738 0.7776 1.8729 1.2616 0.1133
10 -12.0768 -5.3497 -1.6945 0.3503 0.3392 0.9790 2.8442 0.1125
10 -13.6831 -5.5369 -1.7357 0.3441 0.3276 0.9639 -2.8375 0.1099
9 6.0941 -5.6336 -1.3325 0.7611 0.6636 1.7371 -1.5329 0.1093
9 7.5559 5.8833 -0.7542 0.8060 0.7366 1.8299 -1.3204 0.1077
9 -29.0179 15.8159 0.0209 0.7266 0.6676 1.6275 0.7786 0.1071
10 -8.8985 7.1008 -0.8510 0.4062 0.4107 1.3445 0.0002 0.1070
10 -10.3638 18.4239 -0.0083 0.3986 0.3951 1.1832 0.3413 0.1070
9 12.0812 20.4597 0.9746 0.5887 0.5618 1.3693 2.9439 0.1061
10 -14.3008 10.6660 -0.5999 0.3809 0.3721 0.9007 -3.0674 0.1059
9 -43.8377 -13.6650 -3.0014 0.7024 0.6190 1.7202 2.6232 0.1056
9 10.9111 17.2833 0.2416 0.6385 0.6013 1.6612 0.3890 0.1054
9 -17.0120 11.1023 -0.1931 0.7463 0.7047 1.6706 -1.9784 0.1031
10 8.4740 -10.6326 -1.6947 0.4598 0.5034 1.3888 2.0106 0.1028
9 -21.5005 19.8487 0.9834 0.7073 0.6741 1.7690 -0.1666 0.1021
9 -17.5649 9.8219 -0.5167 0.5617 0.5452 1.2241 -2.4396 0.1016
