1 4.6571 40.2426 1.6799 4.5513 1.9488 1.6861 1.4254 0.7367
1 -0.0479 40.2948 1.6316 4.5272 1.8947 1.6157 -1.6966 0.6350
1 -41.2762 -7.8503 -3.2220 4.6021 1.9952 1.6907 2.6476 0.2983
1 1.7896 45.0983 1.7422 4.4777 1.8934 1.6744 1.3161 0.2845
1 -40.8190 -10.1388 -3.2495 4.6860 1.9868 1.7345 -2.1929 0.2108
1 12.3953 42.0966 2.5785 4.4237 1.9030 1.7632 1.4006 0.1181
1 -14.3537 1.7253 -1.5147 4.4366 1.8662 1.6042 -1.2923 0.1004
2 -0.0090 40.7947 1.4349 5.3043 2.0123 1.8620 -1.6854 0.2159
3 -24.6670 1.7802 -2.1471 2.9103 1.5462 1.8662 -2.8429 0.1232
3 -39.7478 -8.4653 -3.2079 3.0168 1.8341 1.8809 3.0698 0.1036
5 -26.1206 22.9589 0.9782 14.9321 2.9458 4.2515 0.7803 0.1604
5 14.3673 24.0137 1.4788 3.0892 2.3542 3.0263 -2.7402 0.1561
5 -25.5836 30.1411 0.8783 14.0062 2.9951 4.1370 -0.7991 0.1147
5 -17.8159 22.1312 1.2166 13.9392 2.9227 4.0048 2.4051 0.1046
6 -13.7147 6.8018 -1.2373 0.4119 1.8672 0.9662 -1.6224 0.3520
6 13.1968 -7.0182 -2.0774 0.4652 1.8302 0.9091 1.6990 0.2522
6 -14.9573 11.2949 -1.3659 0.4914 2.2591 1.0353 -1.6058 0.2175
6 -4.8805 -44.3924 -4.0015 0.5424 3.2611 0.9080 0.1060 0.2098
6 14.8444 -6.0197 -1.9509 0.5269 2.9780 0.9001 1.6513 0.1944
6 -7.1989 -18.6703 -2.7297 0.5185 3.7861 0.9629 0.0357 0.1542
6 13.2255 -6.8184 -2.0240 0.4938 1.8668 0.9270 0.3068 0.1443
6 5.4499 -14.9660 -1.8632 0.4754 2.3237 1.0641 -3.0909 0.1236
6 8.2487 -6.4012 -1.3541 0.6598 1.3303 1.4284 -0.0509 0.1205
6 13.6689 -6.7013 -2.0255 0.5649 2.4886 0.9843 0.8462 0.1179
6 -23.4859 -1.5811 -2.4713 0.7302 0.8519 0.8821 1.3108 0.1153
8 -10.1053 23.2657 -0.2587 1.7460 0.7138 1.3784 0.9675 0.3616
8 -24.4197 1.3977 -1.8355 1.6494 0.5753 1.1540 0.8491 0.3615
8 -8.1556 13.8842 -0.3336 1.6353 0.7824 1.8276 -0.0078 0.2541
8 13.1846 -6.9859 -1.9690 1.6614 0.5448 1.0913 -0.0762 0.2349
7 5.6111 -14.4315 -1.6854 1.8919 0.7038 1.5279 1.6455 0.2305
8 -12.7194 0.6760 -1.4205 1.6217 0.5652 1.0685 2.2791 0.2011
8 -13.6831 6.7754 -1.1273 1.7195 0.5509 1.1556 3.0158 0.1747
7 -22.6887 1.2738 -2.1929 1.8892 0.6379 1.1753 -1.8485 0.1721
8 -15.0409 10.8353 -1.2322 1.8092 0.6424 1.1451 -0.3258 0.1561
8 -37.3193 -7.9131 -2.9475 1.7341 0.7153 1.9893 -0.8317 0.1561
7 -39.7287 -8.4340 -2.9722 2.0438 0.8652 1.4131 -0.3962 0.1443
8 -15.1003 10.2110 -1.2375 1.6611 0.5960 1.0925 0.0467 0.1346
8 7.0523 -13.8135 -1.3707 0.8580 0.6875 1.8024 1.6634 0.1252
8 5.9617 -1.6130 -0.8239 1.8413 0.7487 1.9081 -1.7518 0.1186
8 -9.6871 22.3449 -0.0995 2.0018 0.7712 1.4072 0.6328 0.1095
7 1.7089 43.2558 1.2275 1.9837 0.7198 1.5431 0.7910 0.1087
9 9.2167 16.0413 -0.1265 0.7477 0.6629 1.7836 1.2042 0.8580
9 -10.6401 -5.7771 -1.4170 0.9001 0.7255 1.8289 -1.3476 0.8307
9 -10.5675 -1.2275 -1.0342 0.8897 0.7436 1.8414 -1.6953 0.8272
9 9.1110 19.6378 0.2037 0.6661 0.5992 1.6727 -1.8914 0.8246
9 -11.0333 16.9247 -0.1605 0.7011 0.6119 1.7183 -1.8292 0.8089
9 7.0358 -13.7381 -1.5189 0.8170 0.7359 1.8187 1.6971 0.7992
9 8.1418 19.1405 0.1166 0.6658 0.6045 1.6550 -1.6716 0.7894
9 -12.0085 17.1774 -0.1942 0.7285 0.6300 1.7620 -1.9169 0.7792
9 8.0208 16.2276 -0.0522 0.7417 0.6736 1.8057 -1.6465 0.7784
9 5.8519 -13.9811 -1.5526 0.7581 0.7139 1.7365 1.6329 0.7605
9 5.9657 -1.5723 -0.8113 0.9556 0.7550 1.9212 -1.6977 0.7523
9 10.1011 20.8935 0.5006 0.6825 0.6292 1.7416 -2.2536 0.7311
9 8.6414 14.1792 -0.1180 0.8050 0.6525 1.7794 1.3514 0.6792
9 -17.5401 10.3344 -0.9613 0.6662 0.6660 1.7195 2.7182 0.6578
9 -43.7318 1.0897 -2.4063 0.7542 0.7124 1.8900 -2.5654 0.6321
10 8.5511 -6.1119 -1.3864 0.3829 0.3928 1.2696 -2.0811 0.5793
9 -37.3149 -7.9987 -2.8207 0.8096 0.7689 1.8510 -0.9270 0.5680
9 -16.7042 15.4495 -0.4209 0.5893 0.6090 1.7413 -1.0838 0.5636
9 -7.9927 13.8674 -0.2740 0.6765 0.6859 1.7781 -1.1153 0.5483
10 11.1886 -5.9696 -1.6245 0.4366 0.4293 1.3518 0.7136 0.5424
9 7.3181 10.6876 -0.3939 0.7859 0.7053 1.8729 -1.5690 0.5405
9 -16.1588 14.5691 -0.6571 0.6375 0.5836 1.4605 -1.9603 0.5274
10 -15.4582 0.3704 -1.9411 0.3624 0.3610 0.7637 2.5465 0.5252
9 -43.6688 -4.1014 -2.6711 0.7708 0.7530 1.9633 -3.0953 0.5236
9 -11.3648 17.1705 -0.1937 0.7343 0.6303 1.7217 -1.8961 0.4980
9 12.1078 40.3876 2.3391 0.7169 0.6904 1.8134 1.7766 0.4944
9 -9.7842 38.9395 1.8488 0.7350 0.6713 1.8226 2.0545 0.4786
9 9.8154 21.4508 0.4592 0.6793 0.6197 1.7553 -2.4730 0.4645
9 10.6160 20.9845 0.4286 0.6695 0.6102 1.7129 -2.0107 0.4504
9 -18.6312 10.6076 -1.0693 0.6328 0.6158 1.4898 -0.1345 0.4441
9 -49.4221 -6.1386 -2.6808 0.8435 0.7939 1.9705 -3.1232 0.4275
9 -40.4142 -1.0432 -2.5372 0.6137 0.6476 1.8083 0.3015 0.4113
9 -19.0326 17.1864 -0.2729 0.5680 0.5873 1.7025 1.2463 0.4010
9 -18.5387 18.3653 -0.2438 0.6301 0.6353 1.6986 -2.0862 0.3894
9 13.2105 23.2177 0.6803 0.5403 0.5640 1.5512 2.9634 0.3764
9 8.3423 16.5683 -0.1056 0.7002 0.6478 1.7529 -1.4082 0.3749
9 10.7320 21.4265 0.3711 0.6702 0.6099 1.7293 -1.8374 0.3133
9 -9.8131 23.0142 -0.2078 0.6686 0.6308 1.6738 -0.0984 0.3120
10 8.4950 -6.3884 -1.3864 0.3417 0.3526 1.2685 -1.0799 0.3059
10 7.6581 -6.1885 -1.4219 0.3379 0.3474 1.2319 -1.1428 0.3046
9 -6.1216 -46.9220 -3.8186 0.6683 0.6345 1.8320 -1.6197 0.2983
10 8.8346 -6.3786 -1.4797 0.3732 0.3773 1.2488 2.2072 0.2920
9 8.4713 19.5943 0.1548 0.7206 0.6357 1.6693 -1.7317 0.2890
9 -4.9533 -50.4527 -4.3902 0.7102 0.6607 1.8363 1.3549 0.2884
9 -17.0100 14.5737 -0.6614 0.6207 0.5755 1.3156 -1.8875 0.2789
9 -15.7030 14.4275 -0.7189 0.6657 0.5942 1.3657 -2.0474 0.2698
9 -18.0024 10.6413 -1.0200 0.6618 0.6379 1.4882 -1.3172 0.2497
9 -16.2513 9.6690 -1.2066 0.6553 0.6022 1.1494 -0.6590 0.2407
9 -4.8614 -53.2096 -4.2921 0.6432 0.6313 1.7694 2.1266 0.2396
9 11.1770 21.1406 0.2093 0.6793 0.6249 1.7151 -1.4653 0.2272
9 -40.7197 -1.7084 -2.4451 0.5686 0.6192 1.8078 0.1602 0.2270
9 11.7986 22.6657 0.4710 0.6584 0.6311 1.5471 2.3462 0.2219
9 -15.7066 14.9323 -0.5738 0.6866 0.6018 1.3689 2.1742 0.2169
9 -5.3484 -50.9312 -4.3632 0.7494 0.6706 1.8569 1.6640 0.2032
9 13.1009 24.0400 0.8520 0.5312 0.5531 1.5344 -1.0459 0.2023
9 -24.4231 1.3268 -2.1063 0.6925 0.6674 1.5727 0.7288 0.2003
9 -19.0257 18.0022 -0.2854 0.5847 0.5785 1.6837 -0.7371 0.1922
9 12.7430 24.2042 0.8862 0.5839 0.5951 1.5417 -1.8984 0.1903
9 9.7586 20.4757 0.3809 0.7324 0.6378 1.7266 -2.0314 0.1836
9 15.6323 23.3597 0.8755 0.6497 0.6409 1.6534 -1.9025 0.1764
9 -18.1794 12.0843 -1.0655 0.6203 0.5878 1.1218 -1.3058 0.1739
10 7.7305 -6.3969 -1.4083 0.3228 0.3296 1.2600 -0.2158 0.1703
9 -43.7596 1.5472 -2.3502 0.8654 0.7552 1.9140 -2.6507 0.1681
9 -13.9255 15.1606 -0.7110 0.7875 0.7059 1.3180 1.0800 0.1654
9 -15.0502 14.4534 -0.7699 0.5894 0.5603 1.2884 -0.7956 0.1642
10 -14.8395 10.0583 -1.2432 0.4373 0.4233 0.8328 2.1785 0.1603
9 -10.1055 38.6462 1.9520 0.7939 0.7076 1.8386 2.0032 0.1595
9 7.9916 19.5469 0.0866 0.7879 0.6701 1.7406 -1.7447 0.1557
9 -18.4938 11.3176 -1.0817 0.8138 0.6724 1.3129 -0.8080 0.1529
9 -16.9472 10.2037 -1.0303 0.7791 0.6879 1.4805 -2.3588 0.1468
9 13.5707 23.4518 0.7062 0.5692 0.5656 1.4250 -2.0322 0.1468
9 15.6723 24.0503 1.0854 0.6155 0.6070 1.6719 -0.7606 0.1462
9 8.8871 16.6687 -0.1123 0.8095 0.6812 1.7979 1.1601 0.1458
9 14.3981 24.1228 0.8804 0.5351 0.5533 1.4322 2.3588 0.1458
10 -24.1699 1.7329 -2.1096 0.4718 0.4857 1.1943 -0.0658 0.1415
9 14.4257 24.4902 0.9494 0.5842 0.5837 1.4573 2.8004 0.1403
9 5.4386 -14.8721 -1.7538 0.7354 0.6253 1.5424 1.4745 0.1372
10 7.4400 -6.3800 -1.4322 0.3742 0.3818 1.2527 2.0987 0.1352
9 11.6320 40.3527 2.3702 0.7515 0.6719 1.7792 1.8904 0.1349
10 1.6558 43.2785 1.4415 0.5089 0.4996 1.2832 1.1621 0.1336
9 -23.3446 -1.6279 -2.3592 0.8122 0.7160 1.2743 2.4217 0.1300
9 8.9040 13.3194 -0.3415 0.7138 0.6397 1.7347 1.5620 0.1298
9 -16.0345 12.7101 -0.7063 0.6495 0.6590 1.7697 -1.1695 0.1277
