1 4.5803 27.4281 0.0512 4.9534 2.0095 1.8002 0.3612 0.6631
1 1.6367 41.9456 1.0757 4.7745 2.0072 1.8546 1.5219 0.6197
1 -6.4789 -51.1216 -0.7223 4.2040 1.8622 1.7164 -1.4319 0.1829
1 -23.4535 -17.5153 -1.6647 4.6889 1.9987 1.8898 0.3791 0.1201
1 -36.5008 -4.3742 -0.8157 5.3974 2.2029 2.1864 3.0607 0.1113
1 -33.1275 -7.1721 -1.1447 4.4933 1.9518 1.7059 -2.4788 0.1086
3 -6.0606 -51.6168 -0.8007 4.9798 2.4694 3.0702 -1.1860 0.2642
2 1.6898 41.9593 1.0956 5.1647 1.9516 1.9063 1.5319 0.1634
2 -35.5656 -2.7830 -0.5194 5.8459 2.2916 2.3503 1.7888 0.1258
3 -3.6015 -53.9964 -2.1751 9.8422 3.6624 4.0941 1.7097 0.1214
3 -23.9962 -17.5591 -1.5855 4.9852 2.2458 2.3370 -2.5726 0.1167
4 -36.6537 -4.8175 -1.0217 5.4340 2.2551 2.3715 -3.0576 0.1223
6 5.5896 -21.8416 -1.6846 0.4160 2.0780 1.0294 -3.0968 0.3455
6 -34.2195 -4.4081 -1.1135 0.4902 1.9642 1.0593 0.1323 0.1638
6 9.0420 -27.6702 -1.2245 0.7488 1.2266 1.5236 -1.4202 0.1509
6 -30.6258 -16.7001 -2.1034 0.4908 2.8701 1.0054 0.8793 0.1459
6 -32.3868 -5.9947 -1.3512 0.5833 2.3466 1.0379 1.9559 0.1213
6 5.6101 -23.9846 -1.4505 0.4370 2.5242 1.0144 3.0855 0.1208
6 -17.4940 -8.9981 -1.4226 0.4631 2.1249 1.0553 -1.5203 0.1018
7 -12.0474 -0.4394 -1.4806 2.0873 0.7001 1.3237 -2.1516 0.5172
7 -30.5815 -2.8279 -0.9082 1.9641 0.7592 1.4700 -0.2727 0.2950
7 -9.6573 -31.7779 -1.5557 2.0597 0.7046 1.3301 -1.3715 0.2194
8 9.0310 22.8060 0.0302 1.2414 0.6545 1.8646 1.8045 0.2085
8 14.4697 3.0456 -0.5224 1.6616 0.7043 1.1149 0.2809 0.1711
8 11.3941 2.4367 -0.9000 1.6871 0.8551 1.0081 1.5771 0.1424
8 -12.4522 19.0187 -0.2348 1.5228 0.6376 1.7551 1.4318 0.1058
9 7.3018 -3.5275 -1.0118 0.6900 0.5978 1.7304 -1.6991 0.9236
9 7.4120 -2.3308 -0.9062 0.7362 0.6250 1.7735 -1.9398 0.9162
9 -12.0193 -8.8557 -1.0286 0.7915 0.6702 1.7378 -1.7230 0.8994
9 6.5669 -1.7397 -0.9338 0.7378 0.6431 1.6766 -1.7255 0.8976
9 8.4719 -1.7439 -0.8677 0.7726 0.6710 1.8045 1.5440 0.8878
9 6.5205 -4.2284 -0.9828 0.7100 0.6350 1.6953 -1.6405 0.8709
9 -12.9981 -8.9497 -0.9953 0.7993 0.6786 1.8008 -1.7345 0.8656
9 6.6596 -26.4796 -1.0786 0.8317 0.7360 1.8750 -1.6209 0.8503
9 7.7265 -3.4302 -0.9768 0.6947 0.5993 1.7723 1.6582 0.8215
9 -8.1958 -9.2255 -1.1131 0.6509 0.7089 1.9143 1.7113 0.8150
9 6.7874 -7.2825 -1.0834 0.7732 0.6922 1.7732 -1.9000 0.7901
9 6.7583 -14.8587 -1.0625 0.8724 0.7303 1.8916 -1.7423 0.7884
9 -19.8833 -6.3958 -1.0697 0.5559 0.5869 1.6884 1.7423 0.7710
9 -19.7581 -5.6297 -1.0551 0.5356 0.5864 1.6676 -1.9712 0.7702
9 -19.8491 -5.9553 -1.0436 0.5267 0.5759 1.6326 -2.6368 0.7627
9 7.4262 -32.1953 -0.9582 0.7234 0.6750 1.8016 1.6321 0.7431
9 9.0734 22.8188 -0.0231 0.8843 0.7794 1.9240 1.6070 0.7350
9 8.1682 -3.3482 -0.9690 0.7478 0.5941 1.7586 1.4406 0.7264
9 -10.0039 -27.3884 -1.3535 0.7889 0.7097 1.8059 -1.4818 0.6981
9 -20.3591 -6.0346 -1.0662 0.5261 0.5487 1.5957 0.0090 0.6966
9 8.4829 -31.9317 -0.9552 0.6765 0.6161 1.7701 1.4308 0.6775
9 -8.8009 -32.2108 -1.3003 0.7668 0.6983 1.8342 -1.2113 0.6643
9 -21.6143 -0.3940 -0.7785 0.7177 0.6806 1.7943 -0.4735 0.6577
9 -12.4772 18.9807 -0.2154 0.7450 0.6716 1.8027 1.3530 0.5528
9 -17.3271 -7.9728 -1.0714 0.6675 0.6719 1.7509 -1.0313 0.5385
9 -20.4988 -15.7943 -1.3004 0.6242 0.6501 1.8067 -1.3731 0.4696
9 -31.3786 -5.8426 -1.3965 0.6222 0.6034 1.6864 1.1819 0.4228
9 -18.0356 -13.2420 -1.3244 0.6660 0.6629 1.7055 2.7474 0.3968
9 -15.7594 -8.9525 -1.1966 0.7346 0.6739 1.4267 0.6329 0.3873
10 6.1449 24.6793 -0.5574 0.3422 0.3506 0.8042 -1.6615 0.3250
9 -16.8621 -8.1793 -1.1550 0.6982 0.6756 1.6591 -2.9601 0.3039
10 5.8677 -29.7931 -1.3418 0.4674 0.4567 1.0983 -0.0358 0.3029
9 -19.1699 -13.0153 -1.3559 0.6403 0.6347 1.6500 -0.3574 0.2984
9 -19.6340 -16.7454 -1.2166 0.6031 0.6390 1.7996 2.1437 0.2949
10 8.8921 -27.5763 -1.4231 0.6080 0.6089 1.4634 1.1681 0.2818
10 8.9938 -27.1409 -1.5138 0.4027 0.4108 1.2427 -0.0444 0.2748
9 -18.1688 -8.3844 -1.0208 0.6611 0.6564 1.7745 0.0696 0.2727
9 6.7999 -3.8594 -0.9439 0.8631 0.6753 1.7081 -1.5519 0.2708
9 -20.2146 -5.6507 -1.0507 0.5847 0.6010 1.6673 -0.9990 0.2653
9 -15.1635 -13.2956 -1.4655 0.6097 0.5932 1.6120 2.5109 0.2550
10 9.3963 -27.6193 -1.4576 0.4674 0.4774 1.3761 0.6135 0.2341
9 -9.5486 -32.3067 -1.3764 0.6985 0.6469 1.7167 -1.2028 0.2226
9 -18.5551 -13.1702 -1.3450 0.7119 0.6768 1.6478 1.8947 0.2094
9 -19.5979 -17.2176 -1.2382 0.5975 0.6335 1.8338 1.1705 0.2001
9 -12.5448 -8.6496 -0.9949 0.9254 0.7120 1.7373 -1.7413 0.1956
10 5.6052 -29.5687 -1.4849 0.4064 0.4061 1.0608 3.0047 0.1915
9 -16.7245 -14.2721 -1.1453 0.5440 0.5571 1.6772 -2.7684 0.1895
9 -17.7463 -7.9714 -1.0364 0.6734 0.6599 1.7872 -0.7041 0.1855
9 -30.3994 -2.8162 -0.9798 0.6657 0.6623 1.7274 2.6846 0.1853
9 -31.5753 -2.4674 -0.8676 0.5872 0.5874 1.7397 0.3309 0.1844
9 -21.2350 -0.0862 -0.7897 0.7909 0.7466 1.8744 -0.4376 0.1750
9 -20.7742 -16.1653 -1.3708 0.6590 0.6629 1.6880 -0.4679 0.1666
9 -19.4715 -5.9166 -1.0348 0.5737 0.6140 1.7415 -2.3716 0.1631
9 -13.2480 18.6590 -0.1255 0.7462 0.6913 1.8166 1.2746 0.1629
9 -14.7775 -8.2157 -1.2476 0.7220 0.6629 1.4120 -2.0264 0.1603
9 -23.8411 -15.7266 -1.8325 0.5725 0.5709 1.6139 2.8729 0.1591
9 -18.7056 -11.4932 -1.2393 0.6743 0.6501 1.6472 2.8930 0.1569
9 -21.5705 0.4564 -0.7378 0.6619 0.6613 1.8310 -0.4307 0.1561
10 -14.4337 -16.6063 -1.6552 0.3260 0.3324 0.7532 0.1211 0.1529
9 -20.8271 -16.6514 -1.3993 0.6835 0.6633 1.6335 0.4440 0.1507
9 -17.2782 -7.4166 -0.9858 0.7251 0.6851 1.7443 -1.5607 0.1505
9 -16.2423 -8.4710 -1.2620 0.6776 0.6625 1.5826 1.1638 0.1409
9 -12.1421 18.1792 -0.4434 0.6977 0.6367 1.7547 1.3046 0.1407
9 -22.2223 0.5712 -0.7592 0.6877 0.6565 1.8083 -0.3513 0.1401
9 -18.4107 -8.7524 -1.1060 0.7228 0.6988 1.7585 -0.4028 0.1280
10 8.9712 -27.9757 -1.3973 0.7505 0.7373 1.7863 0.7316 0.1278
9 -18.1433 -12.8175 -1.3405 0.7225 0.7014 1.6670 -2.5793 0.1261
10 8.6050 -27.2512 -1.4350 0.4742 0.4825 1.3661 -0.0793 0.1255
9 -17.4778 -8.7829 -1.1967 0.7420 0.6554 1.6762 1.1668 0.1230
9 7.0605 -6.8690 -1.1514 0.8176 0.6810 1.7334 -1.8387 0.1203
9 -19.4582 -6.4851 -1.0284 0.6673 0.6845 1.7998 2.7363 0.1154
10 9.4998 -28.0546 -1.4242 0.5451 0.5567 1.5015 0.5223 0.1088
9 -14.9431 -8.8687 -1.3297 0.5643 0.5238 1.1525 1.4440 0.1087
9 6.2381 -7.2517 -1.0801 0.9792 0.7741 1.8439 -1.8825 0.1066
9 -28.4121 -16.5923 -1.6074 0.6185 0.6134 1.6526 2.0894 0.1046
10 -25.2891 -14.9653 -2.1309 0.3855 0.3845 0.8517 -0.4194 0.1036
10 5.6142 -22.7502 -1.5935 0.3670 0.3699 0.9376 2.7715 0.1035
9 -31.2052 -1.0540 -0.4467 0.6037 0.5901 1.7247 2.6393 0.1020
