1 -3.3703 -22.8486 -1.8444 4.5734 1.8957 1.5903 -1.5497 0.7747
1 0.1377 -19.7806 -1.7876 4.7637 1.9839 1.7284 1.5703 0.7641
1 6.6693 42.5767 0.3501 4.5024 1.8909 1.6548 1.2034 0.5550
1 11.9932 34.6460 0.0204 4.3816 1.8770 1.5928 -0.0945 0.4365
1 -5.9804 42.0811 0.1897 4.2599 1.8303 1.6206 -1.3484 0.2622
1 -25.2681 12.5952 -1.8634 4.3737 1.8877 1.6216 -0.0426 0.2604
1 17.6865 53.6943 1.4002 4.7338 2.0000 1.8444 0.0835 0.2525
1 -17.3576 38.2734 0.2121 4.5995 1.9631 1.7508 -1.5826 0.2387
1 48.6214 11.9341 -1.2032 4.7121 1.9959 1.8016 -3.0378 0.2355
1 -25.7397 11.3903 -1.9242 4.6909 2.0030 1.7308 -0.2363 0.2045
1 7.9025 -47.5829 -1.8483 4.5076 1.9561 1.8010 1.3607 0.1968
1 0.3272 51.6424 0.6293 4.4959 1.8997 1.6498 1.3500 0.1919
1 0.5032 47.4201 0.5625 4.6308 1.9384 1.6663 -1.4860 0.1888
1 -13.1961 33.5177 -0.2243 3.7769 1.7448 1.6907 -0.1962 0.1797
1 2.0112 46.8291 0.5459 4.4541 1.8936 1.6366 -1.8136 0.1640
1 -13.1626 35.4069 0.1101 4.8044 1.9979 1.8281 0.9677 0.1631
1 -11.8986 11.5278 -1.0010 4.4249 1.8669 1.5508 0.4872 0.1540
1 24.6136 38.2198 0.3204 4.4862 1.9266 1.6900 -3.1180 0.1529
1 -37.9448 40.1814 0.4029 4.5409 1.9806 1.7224 -0.3008 0.1523
1 -24.6461 13.8764 -1.8205 4.3389 1.8673 1.6132 -0.1667 0.1497
1 -33.1041 30.6413 -1.1506 4.5179 1.9952 1.7587 0.3844 0.1495
1 11.9887 28.4161 0.2609 4.5471 1.9221 1.7504 0.4538 0.1483
1 -4.8407 45.4238 0.1808 4.3431 1.8620 1.6141 -1.4197 0.1465
1 -15.5971 38.1692 0.1033 4.5824 1.9667 1.7328 0.4295 0.1397
1 5.4520 43.4409 0.3206 4.9728 2.0412 1.8355 -2.1601 0.1377
1 7.7135 40.7764 0.3649 4.5388 1.8796 1.6369 -1.4051 0.1195
1 -2.7322 -34.8926 -2.6313 4.6589 1.9599 1.6272 1.3965 0.1168
1 15.6508 53.7148 1.4122 4.6112 1.9881 1.7841 -1.9901 0.1158
1 -1.7845 50.9499 0.4116 4.6125 1.9617 1.6937 -2.7984 0.1155
1 -36.6173 41.9509 0.5553 4.6476 1.9891 1.7746 -1.5829 0.1129
1 -28.2580 13.7797 -1.9278 4.1611 1.8287 1.5675 0.0465 0.1109
1 15.0814 38.4852 0.6561 4.6388 1.9653 1.9052 1.2821 0.1097
1 -16.1758 30.5838 -0.2475 4.6208 1.9706 1.7711 -1.3500 0.1044
1 9.5638 35.9103 0.2126 4.5502 1.9165 1.6414 -1.0359 0.1033
3 -13.2785 33.5289 -0.2493 3.0313 2.0976 2.3553 -0.2555 0.2915
3 7.8687 -45.0666 -1.5947 4.3485 2.0080 2.8658 1.7574 0.2474
3 5.3496 -21.5206 -0.6799 3.0127 1.6699 2.5371 0.9385 0.2345
2 14.9591 37.8726 0.6104 4.0961 2.0934 2.4968 1.3217 0.2239
2 49.1840 11.9528 -1.3206 5.4599 2.1958 2.0225 0.0694 0.2099
2 6.6510 43.1457 0.4602 5.3418 2.0763 1.9435 -1.6608 0.2090
3 -16.1324 29.3467 -0.4228 3.0005 1.8046 2.4929 -1.1202 0.1821
2 17.7537 53.6787 1.2803 6.9581 2.6593 3.1655 -1.3555 0.1777
3 -11.9773 -46.2025 -1.8047 3.7047 2.2933 2.9163 1.1871 0.1676
3 -8.3594 37.2758 0.4581 2.6201 1.4309 2.2434 2.1945 0.1538
2 -6.5625 42.5975 0.3725 5.3378 2.0505 1.8801 -1.4044 0.1525
2 0.1567 -20.3199 -1.8394 5.6998 2.0782 1.9349 1.5642 0.1432
3 -23.3491 23.3770 -0.6939 6.6417 3.2176 3.0258 -1.3109 0.1352
3 9.0544 29.9656 -0.0068 3.7370 2.2057 2.5229 -2.3549 0.1232
2 -13.1790 35.6734 0.1325 5.8528 2.4462 2.2976 0.4066 0.1156
3 -16.2331 36.6685 -0.3341 3.7175 1.9674 2.0361 -0.1181 0.1100
3 -12.1953 51.0036 2.4382 6.5756 2.7883 3.1525 -2.4825 0.1081
2 -17.4005 38.7340 0.1954 5.1664 2.2297 2.2276 -0.9415 0.1079
2 -44.4286 24.4703 1.3498 8.8275 3.1323 3.8549 0.0801 0.1064
3 -13.8086 31.8597 0.5013 6.5580 2.9397 3.5058 -2.9981 0.1024
2 14.5656 53.7011 1.3558 8.2251 2.8560 3.6654 -1.4070 0.1011
4 18.0931 53.6772 1.4647 11.8715 2.9168 3.5425 -1.6584 0.1978
5 5.3200 -21.0368 -0.4079 2.6337 2.0862 2.9649 1.4710 0.1769
5 -48.6288 24.5364 1.3100 14.7012 3.2076 4.1983 3.1239 0.1674
5 -11.9381 -46.2079 -1.6761 2.9605 2.0994 2.8601 1.4579 0.1477
5 -10.9536 53.6859 3.0134 12.5426 2.9086 3.8921 -2.5797 0.1441
5 16.4553 43.2320 1.8769 11.9636 2.8927 4.0724 -1.9266 0.1436
5 22.8289 53.8623 3.1568 13.2856 2.9474 3.9280 0.5197 0.1220
5 -5.0257 53.6862 2.4755 15.2314 3.1145 4.0407 3.1002 0.1161
4 14.3027 53.7046 1.5124 12.8301 2.9680 3.7346 -1.2856 0.1115
5 -17.6842 53.6951 3.0516 13.0575 2.9717 3.8766 -2.2296 0.1090
5 -11.5866 51.0248 2.6056 9.7372 2.8065 3.6083 -3.0165 0.1042
6 -10.1946 22.6060 -0.8221 0.4082 2.4092 1.0579 -1.2504 0.2987
6 -7.8823 19.6990 -0.8242 0.3931 2.1200 1.0448 -0.0691 0.2285
6 46.1466 7.3990 -2.3536 0.6197 3.0651 0.9237 -1.4744 0.2134
6 -8.2503 19.7886 -0.7863 0.3937 2.2308 1.0834 0.0738 0.1969
6 -8.1664 -7.8027 -1.8345 0.4795 2.1264 1.0072 0.0287 0.1844
6 -11.1900 -33.1112 -2.3682 0.5460 3.3459 0.9060 -0.0694 0.1729
6 8.4541 26.9435 -0.5948 0.4927 2.1085 1.0270 -3.0493 0.1725
6 -0.6898 49.7306 0.1385 0.5171 1.9161 1.0142 -1.8542 0.1633
6 48.0425 7.2464 -2.2728 0.5188 3.0572 0.9209 -1.5117 0.1610
6 14.4431 40.2775 0.3549 0.5266 2.2152 1.0076 3.0881 0.1519
6 29.3116 11.8398 -1.2652 0.5876 3.1546 0.9653 -1.5665 0.1507
6 47.3841 7.3046 -2.3247 0.5677 3.0149 0.9518 -0.9385 0.1428
6 8.9326 26.9584 -0.5837 0.5446 2.2928 1.0409 -2.4507 0.1413
6 -8.0009 -20.3697 -2.5217 0.4703 2.9833 0.8468 -0.0167 0.1395
6 6.5278 40.7034 -0.0191 0.5377 2.0265 1.0299 -1.1357 0.1389
6 -11.4831 21.6377 -0.7045 0.3798 2.3897 1.0322 -0.5744 0.1385
6 10.0624 30.5712 -0.3364 0.5243 2.1401 1.0779 3.0062 0.1376
6 7.2888 27.5375 -0.4549 0.5587 2.2125 1.0657 -2.2715 0.1370
6 -11.3599 18.5527 -0.8457 0.5849 2.0577 0.9467 0.1251 0.1369
6 14.9330 43.2438 -0.0209 0.5221 2.8613 1.0013 3.0096 0.1326
6 13.7619 37.8218 0.1234 0.4992 2.1269 1.1198 2.9077 0.1323
6 -29.4147 9.0731 -2.6385 0.5194 3.1238 0.9054 -1.5330 0.1313
6 -22.7921 9.1355 -2.0698 0.4946 3.0026 0.9183 -1.5979 0.1249
6 -11.8379 21.6240 -0.7645 0.3998 2.4427 1.0388 -0.6559 0.1216
6 -18.6029 8.9732 -1.9346 0.5377 2.6621 0.9391 -1.6514 0.1209
6 13.8265 34.0598 -0.3003 0.4834 1.8801 1.0377 -1.0666 0.1190
6 -16.1461 36.6318 -0.1382 0.4876 1.9465 1.0121 -0.8246 0.1181
6 14.5373 42.5845 -0.0545 0.4995 2.7625 0.9769 2.9981 0.1164
6 8.4204 26.4241 -0.5893 0.4681 2.1219 1.0227 -2.1719 0.1129
6 10.7630 30.0355 -0.3263 0.5030 2.1458 1.0497 -3.1407 0.1120
6 7.2318 26.9155 -0.6103 0.5154 2.0989 1.0453 -2.3009 0.1118
6 -9.0726 -50.9173 -2.5391 0.4988 2.5097 0.9761 0.2588 0.1116
6 14.2616 38.3701 0.2186 0.5037 1.9234 1.0667 2.5677 0.1114
6 4.1415 -43.2297 -2.8695 0.5377 3.1504 0.9321 3.0786 0.1082
6 50.4154 7.1923 -2.1974 0.5198 3.0357 0.9691 -1.3520 0.1059
6 -34.8448 9.5113 -2.3353 0.4995 2.9955 0.9081 -1.0915 0.1058
6 -31.6158 9.0551 -2.4142 0.5193 2.9947 0.8895 -2.5260 0.1046
6 13.2871 37.1463 0.0680 0.5462 1.9361 1.0527 -3.1035 0.1041
6 -8.3393 23.2085 -0.9269 0.4441 2.2196 0.9877 -1.1528 0.1033
6 7.1304 -35.9929 -2.6707 0.4918 3.3090 0.9374 -3.0741 0.1019
6 -11.9806 18.0497 -0.8866 0.5794 2.2057 1.0388 -0.7838 0.1013
6 -31.1774 9.1087 -2.5646 0.4747 2.9658 0.8882 -0.8582 0.1004
8 -6.0172 32.4980 0.0224 1.8716 0.7868 1.9192 1.6690 0.3059
8 9.9899 29.9568 -0.1596 1.6808 0.6905 1.7019 -0.8551 0.3051
8 10.7173 27.4991 -0.0457 1.7894 0.7680 1.7803 1.3071 0.3009
7 -16.1740 36.6216 -0.0038 1.8717 0.6826 1.3644 -0.6538 0.2008
8 7.2739 17.4438 -0.3152 1.8979 0.6881 1.7562 -2.5387 0.1976
8 -0.6491 49.7299 0.1426 1.8025 0.6938 1.5586 -2.6550 0.1971
8 6.6521 18.4898 -0.7936 1.6093 0.5771 1.1234 1.8072 0.1577
8 7.2548 26.4239 -0.6680 1.7443 0.6340 1.1571 0.4254 0.1516
8 -13.1910 24.6732 -0.7298 1.7454 0.6126 1.1411 0.1564 0.1395
8 13.0799 11.9907 -0.8182 1.8084 0.6253 1.2413 0.2758 0.1388
7 -16.0565 28.9136 -0.4664 1.9045 0.7223 1.4379 -0.2579 0.1382
8 9.5001 12.0270 -0.5325 1.6205 0.5284 1.0536 0.0196 0.1299
8 -7.9120 20.2971 -0.7850 1.5681 0.5460 1.0601 -1.3494 0.1225
8 4.6945 -20.9901 -0.6382 2.0787 0.8236 1.7470 -1.8845 0.1206
8 -10.0922 -26.5452 -1.7199 1.7743 0.6427 1.5044 -0.3271 0.1203
8 8.4134 29.3823 0.4901 1.8649 0.6847 1.5996 2.4459 0.1180
7 21.5138 -5.3781 -2.2660 1.8950 0.6568 1.3002 -1.0158 0.1174
8 -12.6911 25.1596 -0.6795 1.7207 0.6003 1.1491 -0.2792 0.1145
8 -8.3252 20.3419 -0.7867 1.6265 0.5642 1.0822 -1.3776 0.1121
8 -10.3795 14.9809 -0.6190 1.6868 0.6799 1.6778 -0.7957 0.1108
8 7.7743 26.8867 -0.6718 1.6266 0.6094 1.1199 -1.2086 0.1099
8 -8.3673 21.6553 -0.9168 1.5630 0.4968 0.9672 1.8106 0.1091
7 -13.4097 32.9429 -0.3249 2.1278 0.7614 1.4003 -3.1057 0.1088
7 -5.4652 40.8670 0.1141 1.9331 0.6342 1.3112 -0.2387 0.1071
8 -8.3735 37.1473 0.3243 1.9195 0.7477 1.8687 -0.7522 0.1061
8 6.0810 -0.1875 -0.7364 1.4938 0.6976 1.5205 0.8049 0.1057
8 7.1700 25.9390 -0.6106 1.7410 0.6435 1.1356 -2.8813 0.1051
7 -11.4472 33.5270 -0.0786 1.9172 0.6792 1.5041 0.1196 0.1049
8 11.3510 9.6009 -1.0298 1.8908 0.6607 1.2196 1.5163 0.1049
8 16.7531 53.5919 1.3245 2.1048 0.7973 1.8371 -1.6817 0.1026
7 19.0850 11.5371 -0.2676 2.7301 0.8717 1.5583 -1.2501 0.1012
9 6.4480 -0.1956 -0.6974 0.6889 0.6028 1.6746 -1.3843 0.8811
9 5.8266 -0.1550 -0.7050 0.7204 0.6352 1.7034 -0.7619 0.8726
9 -9.3693 19.1448 -0.4350 0.6807 0.6618 1.8244 0.9259 0.6944
9 7.5673 17.4242 -0.2459 0.8407 0.7092 1.8437 -2.5044 0.6769
9 -10.3412 14.9300 -0.5896 0.6541 0.6352 1.7509 0.0099 0.6209
9 -8.5105 37.2247 0.4391 0.7602 0.7030 1.8987 -0.4619 0.5651
9 -6.0552 32.1582 -0.0276 0.7800 0.6657 1.8467 1.8877 0.5543
9 -9.7999 -26.6135 -1.8085 0.6662 0.6531 1.6401 1.2642 0.4924
9 10.6328 27.0147 -0.1150 0.7957 0.7296 1.8749 -0.3641 0.4798
9 14.8972 36.9730 0.5884 0.6668 0.6405 1.8329 2.1802 0.4678
9 13.1078 36.7313 0.2089 0.6721 0.6665 1.7814 -3.0141 0.4577
9 9.8319 29.8203 -0.0559 0.7047 0.6760 1.8219 2.5247 0.4278
9 -11.3555 33.4214 -0.0055 0.6044 0.6103 1.7308 -0.1633 0.4092
9 -7.8727 36.7271 0.1542 0.6487 0.6221 1.8449 1.5929 0.3984
9 -13.4139 31.1611 -0.2311 0.6301 0.6261 1.8359 -0.2371 0.3926
9 32.3643 9.2175 -1.0900 0.6818 0.6880 1.8488 -2.8148 0.3632
9 13.8460 37.8705 0.3552 0.5752 0.5907 1.7314 3.0345 0.3584
9 -36.5545 13.9331 -1.7601 0.6819 0.6758 1.8552 0.3099 0.3542
9 -9.5774 -37.9368 -2.0299 0.6500 0.6491 1.8346 0.9999 0.3496
10 10.9459 34.2022 -0.0985 0.4141 0.3956 1.1814 -1.8591 0.3084
9 6.4993 17.4725 -0.4885 0.5804 0.5895 1.6058 -3.0300 0.3082
9 8.3707 29.4195 0.5082 0.6136 0.5937 1.7473 2.1686 0.3030
9 -46.0362 15.6592 -1.4399 0.6695 0.6804 1.8397 0.1791 0.2975
9 -6.4326 40.6610 0.2215 0.6342 0.6176 1.6853 0.9648 0.2904
9 -5.8178 33.1712 -0.0607 0.7183 0.5901 1.7566 1.4743 0.2896
10 -7.9940 19.9526 -0.8784 0.3801 0.3918 0.9037 -0.4765 0.2828
9 -4.9387 40.8519 0.0213 0.5702 0.5579 1.5873 2.5580 0.2799
9 -40.2680 17.1780 -1.3962 0.6457 0.6717 1.9116 0.6533 0.2714
10 7.7787 26.6150 -0.6074 0.4201 0.4218 0.9074 -2.7070 0.2711
9 6.0045 40.8713 0.1853 0.6899 0.6679 1.6286 -1.8992 0.2682
9 6.5695 18.6631 -0.6834 0.5169 0.5162 1.1005 -2.9607 0.2580
9 -14.5023 32.9881 -0.2656 0.6192 0.6069 1.7403 0.0258 0.2512
9 17.5999 11.1850 -0.8566 0.6315 0.6140 1.8205 3.0439 0.2412
9 -8.1784 18.7738 -0.6745 0.5681 0.5716 1.5913 0.6080 0.2376
9 -15.5155 28.8324 -0.4684 0.6465 0.6337 1.6743 3.1240 0.2316
9 4.9109 -51.4366 -1.7504 0.6911 0.6688 1.8514 1.0652 0.2305
9 -8.2873 36.8216 0.3700 0.7420 0.6823 1.8950 -2.1093 0.2271
9 -39.0022 12.1827 -1.7903 0.6920 0.6943 1.8416 2.8657 0.2221
9 -13.7196 32.5978 -0.2342 0.6544 0.6209 1.7217 -2.2412 0.2209
9 -9.4092 -35.5058 -1.9212 0.6672 0.6757 1.8016 0.6736 0.2146
9 -4.9161 44.2084 0.1524 0.6759 0.6569 1.7465 2.8331 0.2100
10 7.2252 -8.4556 -0.9567 0.3584 0.3633 0.8457 2.3098 0.2061
9 -15.6768 36.9931 -0.1370 0.6540 0.6522 1.7712 -2.7256 0.2037
9 14.3176 38.2053 0.5619 0.6536 0.6681 1.8189 0.0548 0.2001
10 6.4974 25.7603 -0.4973 0.4431 0.4463 1.3042 2.7260 0.1990
10 -14.4040 18.7120 -1.0971 0.3940 0.3969 0.8871 -0.1405 0.1981
9 -10.7909 -45.7270 -2.1250 0.5968 0.6210 1.7766 -1.8452 0.1922
9 16.6430 53.5392 1.4597 0.7299 0.7026 1.8029 -0.8909 0.1907
9 -9.5291 -45.2194 -2.0033 0.5900 0.6105 1.8194 -2.9744 0.1900
9 5.6359 40.9381 0.1222 0.5599 0.5579 1.4911 -2.2554 0.1886
9 -40.0277 23.4663 -1.1208 0.6840 0.6808 1.7823 -1.8725 0.1882
9 -9.0454 19.6025 -0.4294 0.7625 0.7185 1.8521 1.0699 0.1856
9 -16.1783 36.5255 -0.1330 0.6976 0.6593 1.7929 -0.2552 0.1841
9 -22.3549 17.5140 -1.4648 0.5800 0.5763 1.5267 0.4720 0.1775
9 -13.8257 33.6559 -0.1552 0.5718 0.6106 1.7039 -0.5025 0.1772
9 -29.2039 26.3665 -0.3719 0.6679 0.6662 1.8167 1.4773 0.1750
9 15.0128 37.7985 0.4850 0.6223 0.6271 1.7474 -3.0946 0.1746
10 -26.7737 9.2029 -2.1391 0.4131 0.4133 1.3559 -1.6150 0.1734
9 11.4175 40.2971 0.4932 0.7388 0.7126 1.8672 -1.9456 0.1728
9 -39.6308 19.2269 -1.3892 0.6377 0.6895 1.8647 0.1607 0.1697
9 -15.0222 20.4935 -0.7123 0.5600 0.5671 1.6277 -0.9931 0.1685
10 -24.6401 17.4954 -1.6346 0.4039 0.4037 1.2354 -2.1294 0.1607
9 -14.2340 33.5107 -0.2299 0.6088 0.6031 1.7453 -0.2288 0.1603
10 -12.1351 13.2683 -1.0838 0.4297 0.4248 1.2893 -0.5709 0.1598
9 -16.1407 28.9217 -0.4776 0.6346 0.6308 1.7102 -2.3742 0.1597
9 -13.2371 32.5957 -0.4032 0.6590 0.6165 1.7193 -2.0419 0.1585
9 -23.6265 12.8206 -1.7191 0.5809 0.5627 1.5314 -1.7109 0.1572
9 4.7922 -20.4802 -0.8811 0.6519 0.6614 1.8447 1.5786 0.1531
9 -8.7831 36.8269 0.4248 0.7152 0.6646 1.9041 0.2108 0.1510
9 -23.8645 26.3023 -1.1279 0.6310 0.6170 1.7641 0.0229 0.1508
10 7.6111 42.7669 0.1831 0.4535 0.4568 1.1377 -1.4521 0.1492
9 23.2718 37.0487 0.1086 0.5776 0.5684 1.6190 -2.1595 0.1481
9 -10.1413 15.3533 -0.5833 0.7290 0.7083 1.7756 -1.5415 0.1478
9 13.6409 36.6992 0.2573 0.6531 0.6346 1.7829 2.1950 0.1463
9 -14.9309 30.8060 -0.1002 0.6722 0.6355 1.7605 0.2455 0.1417
10 5.4255 13.7401 -0.8673 0.3752 0.3929 0.7515 2.2213 0.1413
9 -9.6126 -42.6953 -2.5776 0.6875 0.6667 1.7732 0.0996 0.1406
9 -12.7118 32.5978 -0.4740 0.6120 0.5815 1.7112 -1.5789 0.1391
9 11.3754 26.3599 0.0668 0.6885 0.7029 1.8959 -1.5985 0.1391
10 21.3938 -5.2756 -2.3659 0.3711 0.3767 0.8749 3.0023 0.1365
9 -51.4690 11.9024 -1.7140 0.7290 0.6943 1.8471 -0.2460 0.1362
9 -10.4991 -26.4748 -1.7225 0.6378 0.6482 1.7404 0.6414 0.1362
9 -12.6546 25.0650 -0.7550 0.5894 0.5777 1.6055 -0.8105 0.1359
