1 0.6992 -19.3646 -1.7450 4.3153 1.8324 1.5739 1.6602 0.7840
1 -1.3703 -42.7933 -2.6052 4.8715 1.9515 1.7407 -1.5332 0.7011
1 5.8436 40.8592 0.5464 4.4874 1.9290 1.6762 1.4464 0.6280
1 -2.4193 42.9978 0.4072 4.4596 1.9104 1.6715 -1.8383 0.3803
1 -1.6819 31.3021 -0.1670 4.6607 1.9512 1.6817 -1.8050 0.3141
1 10.2156 -53.3716 -2.2274 4.6081 1.9679 1.7760 1.6575 0.1950
1 -4.7407 43.0089 0.3273 4.5232 1.9058 1.6583 2.6013 0.1865
1 -50.4107 2.4001 -2.4960 6.4664 2.5332 2.7394 -0.0854 0.1766
1 -0.7227 34.1902 0.0196 4.6527 1.9499 1.6920 1.4099 0.1422
1 -23.3807 44.4053 1.2525 4.5578 1.9720 1.7903 2.2818 0.1214
1 -5.2250 47.5420 0.3167 4.5779 1.9842 1.7448 0.3724 0.1127
1 16.5027 21.2245 0.7635 4.5818 1.9585 1.7680 0.5283 0.1095
2 -1.3935 31.8339 -0.1160 5.4907 2.0881 1.9731 -1.7346 0.1820
2 -50.4381 2.4268 -2.7083 6.8896 2.6903 3.0942 0.0179 0.1572
2 10.2147 -53.9947 -2.0973 6.0529 2.4558 2.8798 1.6344 0.1513
2 -54.0062 14.3213 -1.2690 8.1999 2.8144 3.4255 3.1091 0.1391
2 -47.9617 13.6745 -0.0138 9.9409 3.0429 3.8712 3.1112 0.1339
2 -2.3919 43.4348 0.5306 5.2254 2.0331 2.0145 -1.8492 0.1201
3 -19.5821 43.6655 1.5898 10.0831 3.4651 3.8598 3.0623 0.1106
3 -24.0700 13.1914 -1.3184 4.0913 2.2429 2.5388 -1.4040 0.1105
2 14.1747 53.6983 2.9516 7.8135 2.8857 3.4236 1.0595 0.1063
3 16.7867 19.8349 0.4644 5.1801 2.4600 2.6089 2.6837 0.1006
4 -50.4453 2.4275 -2.6248 7.0262 2.3903 2.7468 0.0212 0.3154
4 -54.0003 14.4133 -1.5172 11.1825 2.9363 3.6172 3.0786 0.1544
4 14.4134 53.7010 2.7851 12.5670 2.9625 3.7703 0.3832 0.1321
5 10.6418 53.7049 2.9984 13.1174 2.9878 3.8814 -0.6903 0.1136
5 -47.4209 13.6830 0.2509 9.8057 2.9256 3.7200 3.1110 0.1115
5 -24.0333 13.2002 -1.1254 3.4431 2.2484 2.7592 -1.1409 0.1088
4 10.2130 -54.0000 -2.0238 9.3862 2.7468 3.1951 1.7441 0.1014
6 -0.7107 31.8557 -0.1778 0.5258 2.9377 0.9713 -0.1244 0.3046
6 -7.1977 -29.8614 -2.0267 0.4561 1.9552 1.0489 0.0240 0.2175
6 37.1242 0.7504 -2.3702 0.5585 3.1657 0.9238 3.0173 0.1715
6 6.0010 -42.4897 -2.8032 0.5526 3.3341 0.9283 -3.1125 0.1475
6 5.9448 -45.6480 -2.9832 0.4978 3.1942 0.9245 -3.0813 0.1441
6 37.1316 0.9839 -2.1947 0.6060 3.2770 0.9707 -1.7617 0.1359
6 -1.0373 32.3652 -0.2450 0.5582 2.9936 0.9562 -0.0115 0.1323
6 8.7921 -39.1621 -2.6899 0.4558 2.1788 0.9895 -3.0844 0.1304
6 40.2037 0.6963 -1.8109 0.5608 3.2200 0.9524 -1.4453 0.1240
6 -0.1021 32.9745 -0.4117 0.5601 2.6459 0.9776 -0.3782 0.1103
6 -13.0010 15.9862 -1.2817 0.3759 1.9938 0.9768 -1.4663 0.1086
6 40.1848 1.0552 -1.8324 0.5662 3.2185 0.9402 -0.8295 0.1010
8 7.7741 1.7386 -1.1937 1.4868 0.4901 1.0496 -3.0990 0.3501
8 16.2137 3.5831 -1.0902 1.8552 0.6878 1.6917 2.5225 0.3216
8 15.0987 19.8483 0.6251 1.8177 0.6791 1.2939 -0.6144 0.1627
8 -17.3634 27.5492 -0.4598 1.7410 0.7123 1.4851 -2.2581 0.1583
7 -22.6606 42.6480 0.9696 1.6836 0.6583 1.1851 -1.1470 0.1564
8 -23.9655 11.2192 -1.5117 1.6691 0.5765 1.1455 -0.8345 0.1379
8 -7.2673 -29.8084 -1.9846 1.6585 0.6031 1.1235 1.5325 0.1274
8 -33.5076 14.2735 -1.5280 1.8165 0.7020 1.6079 -2.2556 0.1074
8 7.2061 -51.6783 -1.8812 1.7014 0.6056 1.1528 2.2383 0.1042
9 5.6024 -7.0886 -1.0407 0.7461 0.6649 1.6903 1.5716 0.9101
9 6.5627 -6.9857 -1.0043 0.7803 0.6452 1.7554 1.5550 0.8999
9 6.4119 7.8891 -0.5709 0.8852 0.6978 1.7376 -1.9029 0.8985
9 -10.0919 8.8830 -0.8876 0.8530 0.7086 1.8310 -1.5678 0.8782
9 9.6054 20.5029 -0.3835 0.8039 0.6612 1.7930 1.4564 0.8686
9 -10.7831 4.5892 -0.9292 0.8818 0.7001 1.7605 -1.5355 0.8608
9 8.3832 20.0247 -0.3820 0.8390 0.7233 1.8623 -1.5589 0.8525
9 9.4527 25.2373 -0.2034 0.7162 0.6655 1.7113 -1.8338 0.8251
9 10.0642 22.4316 -0.3988 0.7556 0.6404 1.7073 1.2034 0.7772
9 -9.6669 27.0447 -0.3575 0.6543 0.5941 1.7015 -1.8138 0.7744
9 9.7509 27.8236 -0.1537 0.6676 0.6130 1.6727 -1.9593 0.7415
9 -10.2765 27.1195 -0.3371 0.6832 0.6071 1.7303 -1.8158 0.7292
9 -7.1225 22.8045 -0.4453 0.6547 0.6633 1.7908 -0.9954 0.7044
9 -16.6735 19.5625 -1.0868 0.6658 0.6804 1.6088 3.0078 0.6595
9 14.4545 46.8820 1.5394 0.7276 0.6778 1.8340 1.6688 0.6435
9 -42.0732 12.4663 -1.7839 0.7222 0.7098 1.8993 -2.7713 0.6363
9 -7.6395 -45.5942 -2.6269 0.7151 0.6661 1.8477 1.4119 0.6293
9 -42.1614 6.6925 -2.3770 0.6871 0.6715 1.7406 -3.0280 0.5989
9 -17.7613 19.9893 -1.2107 0.6418 0.6334 1.4267 -0.3571 0.5951
9 -7.1130 46.6631 0.5952 0.6940 0.5984 1.7624 1.5517 0.5879
9 12.4608 29.1925 0.0894 0.7036 0.6650 1.8138 2.5592 0.5817
9 -8.4203 -36.9979 -2.2615 0.7674 0.6746 1.8313 -1.5956 0.5796
9 10.9989 28.1963 -0.1798 0.6351 0.5888 1.6390 -1.8447 0.5518
9 -28.0671 29.8402 -0.3855 0.6876 0.6603 1.7664 1.4975 0.5367
9 9.6890 32.3598 0.2479 0.6554 0.6672 1.8197 0.4021 0.5364
9 -40.5925 1.7743 -2.4884 0.6300 0.6305 1.6639 0.7062 0.5177
9 -48.0037 4.9619 -2.7288 0.7214 0.7158 1.8141 3.0215 0.5137
9 -39.5200 2.0138 -2.4458 0.6688 0.6661 1.6820 2.6596 0.5083
10 -15.0859 9.5529 -1.8120 0.3331 0.3370 0.7761 -1.2399 0.4999
9 16.0519 3.6214 -1.1283 0.8110 0.7335 1.8335 2.5226 0.4905
9 -17.0215 27.6489 -0.3372 0.6698 0.6595 1.5644 -2.1404 0.4902
9 -6.6713 46.5934 0.3884 0.6831 0.6076 1.7601 1.5742 0.4852
9 -13.9874 19.1222 -1.2124 0.6477 0.6111 1.3215 2.8974 0.4787
9 -7.6440 -43.0570 -2.7454 0.7336 0.6572 1.8239 1.4415 0.4622
9 -7.7810 -50.2829 -2.8149 0.7881 0.7322 1.8841 1.5528 0.4547
9 -17.1926 19.4196 -1.2381 0.6510 0.6324 1.4184 1.6543 0.4468
9 -15.5689 19.0886 -1.2649 0.6337 0.6158 1.3653 2.7046 0.4323
9 -7.2818 -50.2511 -2.9375 0.7490 0.6926 1.8493 1.5556 0.4221
10 7.7026 1.7574 -1.2609 0.6255 0.4742 0.6492 1.7685 0.3742
9 -17.5575 26.6164 -0.4752 0.5862 0.5858 1.7173 1.3709 0.3431
9 -37.3921 3.3880 -2.3029 0.7483 0.7059 1.7401 -2.6481 0.3379
9 -15.4676 24.7478 -0.7726 0.6288 0.6223 1.4387 -2.2310 0.3301
9 -40.7236 2.3938 -2.5373 0.6160 0.6042 1.6018 -0.3718 0.3208
9 -17.8431 27.0740 -0.4609 0.5671 0.5718 1.6220 0.4548 0.3177
9 -8.7833 -36.7092 -2.2151 0.8616 0.7464 1.8759 -1.6247 0.2939
9 -15.0188 23.8301 -0.7271 0.7367 0.6457 1.2542 0.0552 0.2930
9 8.9947 20.3665 -0.4023 0.8652 0.7480 1.8461 1.1887 0.2785
9 -14.2896 19.7807 -1.1572 0.7145 0.6498 1.1873 -2.2798 0.2660
9 -14.3599 18.8603 -1.3264 0.7250 0.6391 1.3229 2.8607 0.2636
9 -40.1915 2.3096 -2.3765 0.6877 0.6092 1.5635 -2.2434 0.2618
9 -7.2533 -45.1491 -2.5902 0.7784 0.7039 1.8476 1.3912 0.2557
9 -40.7475 2.8200 -2.6974 0.6742 0.6388 1.6049 -0.6229 0.2519
10 -23.8199 3.4447 -2.6759 0.3568 0.3477 0.8104 -0.1396 0.2469
9 -40.2580 9.5515 -2.2789 0.6579 0.6647 1.7230 0.1533 0.2464
9 -17.2816 21.5010 -1.1247 0.7617 0.6718 1.3005 2.0931 0.2349
9 -12.7132 24.2061 -0.8648 0.6301 0.5805 1.0152 0.3429 0.2227
9 -34.1419 13.7506 -1.7569 0.6595 0.6484 1.7596 -0.9726 0.2198
9 16.0864 3.1384 -1.0499 0.9167 0.7739 1.8547 2.5700 0.2166
9 -15.0673 18.8105 -1.3582 0.7933 0.6361 1.2249 1.7176 0.2090
9 -11.2598 4.3264 -0.9651 0.7764 0.6830 1.7497 -1.4726 0.2078
9 15.1342 19.8832 0.4232 0.5592 0.5467 1.5557 -0.2412 0.2054
9 -10.5404 8.9272 -0.9477 0.7869 0.6802 1.8050 -1.5378 0.2050
9 12.5699 30.0112 0.0826 0.7050 0.6453 1.7901 2.2857 0.1968
9 -14.3779 23.9073 -0.7770 0.7754 0.6240 1.2102 1.1348 0.1865
9 -8.5972 42.5331 0.1382 0.7389 0.7560 1.6047 -0.9278 0.1834
9 -9.5576 -36.5516 -2.1590 0.8309 0.7261 1.8471 0.8235 0.1787
9 -34.2358 -0.1985 -2.9973 0.7982 0.6930 1.5590 1.8753 0.1731
9 -40.3453 1.4314 -2.4436 0.6797 0.6894 1.7154 1.7028 0.1690
9 -7.2899 -53.2916 -3.2751 0.7341 0.6711 1.7913 1.4627 0.1665
9 -7.2786 -42.6531 -2.6721 0.6932 0.6560 1.7792 1.4031 0.1628
9 -7.6523 46.7143 0.7525 0.6998 0.6351 1.8330 1.2514 0.1617
10 7.1550 -51.6734 -1.7686 0.4513 0.4554 1.3803 2.0381 0.1579
9 -9.5707 -37.1198 -2.1290 0.9654 0.7568 1.9206 0.1398 0.1569
9 -6.6168 -50.3322 -2.8133 0.6658 0.6530 1.7698 1.4740 0.1549
9 -23.0055 8.0281 -2.0221 0.7561 0.6552 1.0330 0.8821 0.1520
9 -7.7781 -43.6764 -2.6456 0.8179 0.7228 1.8423 1.5025 0.1519
9 -6.6298 -44.8931 -2.6015 0.6888 0.6528 1.7946 0.1008 0.1516
9 -7.2767 -45.9641 -2.6629 0.7645 0.6865 1.7913 1.4047 0.1455
9 -19.1209 35.4468 0.2851 0.6124 0.5979 1.3965 0.3196 0.1446
10 -8.3145 31.8271 -0.6597 0.3722 0.3753 0.8200 2.1648 0.1438
9 -33.4063 14.2840 -1.5946 0.6388 0.6288 1.7771 -1.5944 0.1415
10 -12.1337 9.8244 -1.2191 0.3954 0.4015 1.1723 -0.1354 0.1413
9 -16.9021 20.2609 -1.1131 0.7911 0.7365 1.3965 -2.1383 0.1405
