1 0.3762 -19.7288 -1.8250 4.4232 1.8586 1.6312 1.6177 0.8208
1 -2.8358 -32.9579 -2.3261 4.9913 2.0043 1.7535 -1.5665 0.7678
1 6.5592 41.2521 0.2771 4.9327 2.0242 1.8238 1.3598 0.6377
1 -1.1320 47.2591 0.4932 4.5592 1.9184 1.6856 -1.8688 0.5988
1 0.4519 39.5738 0.2231 4.6604 1.9505 1.7180 -1.8284 0.5031
1 -34.1373 26.4956 -1.3920 4.6618 2.0410 1.8417 -1.5860 0.3027
1 -16.1766 33.2246 -0.1780 4.5700 1.9242 1.6592 -0.9980 0.1650
1 15.0031 33.1435 -0.0243 4.2083 1.7830 1.5388 -0.1851 0.1328
1 -28.2192 23.9167 -1.1059 4.5402 1.9226 1.6751 -2.9304 0.1264
1 -18.0284 32.4182 0.0230 4.3857 1.8636 1.6507 -3.0317 0.1234
1 -0.0479 36.4753 -0.1376 4.4449 1.8914 1.6368 -1.8152 0.1114
1 -53.9641 9.1786 -1.6152 4.7132 2.0364 1.7916 -3.1343 0.1023
1 -11.4292 -52.4917 -2.3679 5.2530 2.2054 2.2039 -1.3786 0.1016
1 -2.8030 47.3596 0.5886 4.8782 2.0111 1.7303 -1.8682 0.1012
2 -34.1975 26.9299 -1.3689 5.5521 2.2054 2.0595 -1.5800 0.2051
3 -11.3800 -52.8112 -2.3154 7.4227 2.7032 3.3316 1.3000 0.1992
2 0.5274 40.1064 0.1945 5.7213 2.1947 2.0001 -1.8066 0.1757
3 -24.0532 19.7128 -1.0690 7.6308 3.0138 2.8953 1.1139 0.1661
2 6.5336 41.3160 0.3168 5.1900 2.0409 1.9141 1.3562 0.1571
3 -14.7294 -54.1600 -2.2615 11.0697 3.3095 3.5923 -1.7734 0.1532
2 -0.6225 47.6056 0.5701 5.3106 2.0525 1.9565 -2.1500 0.1204
2 -46.7686 19.2838 1.4112 10.5705 2.8176 3.9962 -3.1299 0.1154
5 -46.7923 19.2708 1.5170 10.2544 2.8413 4.0024 -3.1215 0.3129
4 -11.3710 -53.8158 -2.3027 9.6161 2.7292 3.2015 1.3855 0.1661
5 26.1033 49.6474 3.3774 13.2294 2.9110 3.8395 -2.0173 0.1126
5 -23.4239 40.2502 1.8932 13.7268 3.3112 4.0446 0.0146 0.1038
6 14.6005 32.4873 -0.2527 0.4865 2.1511 1.0330 -1.6793 0.1686
6 -23.3216 17.3436 -0.8495 0.4568 2.0948 1.0340 -0.9607 0.1648
6 -7.9688 -25.1565 -2.0715 0.4521 2.0038 1.0458 -0.0287 0.1597
6 -13.8062 28.0511 -0.6655 0.4852 2.1253 1.0449 -1.5539 0.1533
6 -22.8834 17.5419 -0.9443 0.4795 2.2595 1.0558 -0.2244 0.1389
6 -12.6503 27.7868 -0.8726 0.4589 2.1097 0.9833 -1.7188 0.1346
6 14.9660 5.3410 -1.4695 0.4298 1.8622 0.9792 -1.8370 0.1335
6 43.2115 4.1055 -2.1450 0.5540 3.0849 0.9062 -1.5550 0.1111
6 -14.4235 28.7217 -0.6291 0.5554 2.0875 1.0754 -2.6138 0.1066
6 -12.5515 20.5463 -0.6370 0.4347 1.9972 0.9953 -1.6902 0.1047
8 -23.4290 16.0473 -1.4530 1.6991 0.5735 1.1088 -1.4098 0.3110
8 10.2140 23.6013 -0.4077 1.5496 0.6213 1.6428 1.4566 0.2574
8 -12.1308 20.5355 -0.6783 1.5711 0.4879 1.0480 -2.6159 0.2007
8 -16.7655 32.0094 -0.0064 1.6942 0.5559 1.1998 -0.5072 0.1890
8 14.5512 32.4605 -0.0843 1.8448 0.6547 1.1826 -0.0769 0.1767
7 -1.7939 45.5100 0.2701 2.0785 0.8235 1.4844 -1.1573 0.1610
7 -28.2166 13.6996 -1.6211 1.9282 0.6722 1.2778 1.1385 0.1441
8 7.7738 5.4658 -1.0287 1.5224 0.5022 1.0673 1.7031 0.1210
7 -46.9120 4.8840 -3.7351 1.8118 0.6640 1.3286 -2.4142 0.1081
8 13.1397 33.0495 0.0324 1.7567 0.6101 1.2381 -2.8099 0.1067
9 6.4495 -3.5978 -0.8804 0.7527 0.6216 1.6714 1.6860 0.9274
9 5.5774 -3.6299 -0.8913 0.7251 0.6110 1.6671 1.6511 0.9049
9 -10.6078 9.7491 -0.7628 0.8245 0.6801 1.7523 -1.4695 0.9002
9 -9.7218 13.9600 -0.6382 0.8107 0.6817 1.7778 -1.4493 0.8821
9 6.9901 12.5812 -0.3095 0.9174 0.7117 1.8382 -1.8432 0.8460
9 9.1625 24.7935 -0.2987 0.7900 0.7175 1.8305 -1.8848 0.8240
9 6.0565 -3.5219 -0.9236 0.7139 0.6041 1.6585 1.6812 0.8133
9 10.5884 25.7698 -0.2735 0.7226 0.6540 1.7613 1.3164 0.7707
9 -9.3669 32.2345 0.0098 0.7304 0.6209 1.7832 -1.7511 0.7617
9 16.7855 6.6133 -1.0719 0.7087 0.6711 1.7917 -2.9033 0.7570
9 -9.3722 -31.8072 -2.1282 0.8176 0.7167 1.8796 -1.4693 0.7553
9 -41.2925 12.1039 -1.4684 0.7405 0.6761 1.8428 3.0547 0.7143
9 10.8175 32.2538 -0.1051 0.6441 0.5991 1.6502 -1.9062 0.7037
9 -6.4737 27.4223 -0.2419 0.7230 0.6888 1.8040 -0.8643 0.6966
9 -8.5798 31.9080 0.0046 0.6824 0.5905 1.7275 -1.7262 0.6892
9 10.1555 23.7822 -0.3352 0.7189 0.6446 1.7647 1.3735 0.6803
9 10.3534 29.7821 -0.2140 0.6557 0.6043 1.6734 -1.6292 0.6736
9 -5.8008 50.4086 0.9087 0.7718 0.6710 1.8758 1.5265 0.6401
9 32.9374 5.5117 -0.9801 0.7430 0.7139 1.8084 -0.1414 0.6361
9 -8.8465 -41.8607 -2.4136 0.7118 0.6673 1.8398 1.5986 0.6214
9 -8.9464 -46.4143 -2.5004 0.7089 0.6605 1.8821 1.6736 0.6153
9 -16.0493 24.2296 -0.8118 0.6539 0.6575 1.6501 1.8283 0.6068
9 15.7510 49.9916 1.6733 0.7026 0.6655 1.7957 1.3089 0.6000
9 -16.9569 24.5688 -0.7790 0.6234 0.6228 1.6114 0.2284 0.5882
9 -40.8924 18.0927 -1.3226 0.7103 0.6878 1.8051 -2.6171 0.5779
9 -47.0206 10.4164 -1.4917 0.7668 0.7592 1.9145 -3.0002 0.5776
9 -37.2432 8.6067 -1.9751 0.7184 0.6985 1.7596 -2.4731 0.5051
9 -39.3687 7.2471 -2.0583 0.6275 0.6254 1.6865 2.4680 0.4534
9 -16.2461 32.3332 -0.1956 0.6239 0.6246 1.6897 -2.1302 0.4485
9 -14.8692 23.5410 -1.0365 0.5936 0.5841 1.4215 2.4097 0.4335
9 -39.5309 7.7579 -1.7745 0.6114 0.6177 1.6967 -2.3461 0.4185
9 -40.3016 7.0724 -2.0479 0.5970 0.5888 1.6690 0.8593 0.4159
9 -8.5078 -46.5499 -2.5922 0.7251 0.6605 1.7985 1.6829 0.4108
9 -16.6663 24.2234 -0.8224 0.6283 0.6141 1.5815 0.9458 0.3915
9 10.6791 36.1757 0.4389 0.6773 0.6741 1.7992 -2.3340 0.3765
9 -9.3665 -46.6225 -2.5539 0.7298 0.6700 1.8385 1.8384 0.3685
10 11.3517 5.5927 -0.7892 0.3483 0.3443 1.1491 -1.9303 0.3322
9 12.5060 32.8055 0.1258 0.6655 0.6347 1.7129 1.2703 0.3307
9 -16.3804 25.9241 -0.9172 0.6892 0.6506 1.4742 -0.3976 0.3220
9 -15.1267 28.4059 -0.6742 0.6466 0.6373 1.4907 -3.0585 0.3210
9 -48.1272 7.2046 -2.2781 0.6486 0.6462 1.7042 0.7599 0.3061
9 -13.2212 23.6111 -0.8666 0.6374 0.6165 1.5155 -2.8980 0.3031
9 -5.4562 50.0068 0.7808 0.7432 0.6505 1.8221 1.6253 0.2963
9 -47.2343 7.7046 -1.8690 0.6376 0.6323 1.6479 3.0474 0.2866
9 -16.8630 24.9991 -0.8518 0.6562 0.6464 1.5620 -0.2189 0.2856
9 -23.3529 15.6738 -1.4869 0.6074 0.5746 1.0448 2.0359 0.2799
9 -13.6962 23.7792 -1.0116 0.6185 0.6025 1.4767 -2.6635 0.2789
9 10.2570 25.4574 -0.3383 0.7812 0.6910 1.8127 1.4615 0.2698
9 10.5629 23.4634 -0.3659 0.7582 0.6482 1.7189 1.3568 0.2537
9 -8.8057 -49.3440 -2.4233 0.6180 0.6179 1.7860 2.3812 0.2471
9 -16.6221 32.2339 -0.1232 0.6292 0.6216 1.6861 -2.2177 0.2256
9 13.8246 32.8822 0.1215 0.6361 0.6131 1.6644 -2.1374 0.2168
9 -28.8774 13.8516 -1.7580 0.5985 0.5745 1.4107 1.1338 0.2161
9 -16.9292 31.9492 -0.0675 0.6494 0.6438 1.6715 -0.5833 0.2127
10 7.2397 -4.2226 -1.1489 0.4574 0.4423 1.3104 1.7881 0.2107
9 -40.0004 7.6327 -1.6561 0.6071 0.6067 1.6667 -0.8511 0.2035
9 -8.9006 -39.6328 -2.5613 0.6979 0.6548 1.7655 1.4189 0.2024
9 -16.2932 25.2341 -0.8507 0.7161 0.6604 1.5154 -2.0705 0.1960
10 -13.2226 17.4894 -1.0359 0.3550 0.3634 1.0658 0.2281 0.1911
9 13.5966 35.5381 0.3925 0.5423 0.5397 1.5096 1.6537 0.1877
9 -23.4075 16.0908 -1.4503 0.6271 0.5907 1.1219 -1.4265 0.1863
9 -39.5950 8.1768 -1.7745 0.6261 0.6468 1.8180 -0.1522 0.1818
9 11.1566 31.9513 -0.0969 0.6734 0.6273 1.6797 -1.6902 0.1796
9 -13.1447 28.2408 -0.6882 0.5065 0.5200 1.4976 -0.5936 0.1790
10 -11.7905 14.3942 -1.0106 0.3616 0.3733 0.8442 0.9550 0.1757
9 13.0933 32.9376 0.1050 0.6566 0.6321 1.6973 -2.0158 0.1699
9 12.1932 32.5429 -0.0360 0.6358 0.6244 1.6607 -1.7271 0.1652
9 -8.3233 -39.4148 -2.4796 0.7512 0.7280 1.6663 -2.8470 0.1641
9 10.2986 26.2402 -0.2645 0.8433 0.7210 1.8270 1.3047 0.1632
10 5.9575 21.5340 -0.5661 0.3738 0.3759 1.2748 -2.3210 0.1632
9 -36.8789 8.9405 -1.9016 0.7395 0.6994 1.7497 -2.3119 0.1623
9 -41.3475 11.6273 -1.4881 0.8443 0.7364 1.8955 3.0684 0.1615
9 -8.5743 -49.6834 -2.4249 0.6334 0.6314 1.7805 1.5592 0.1554
9 -12.5606 20.5281 -0.7605 0.6697 0.6506 1.6671 0.3418 0.1527
9 -47.0017 4.6380 -3.6388 0.6562 0.6466 1.4755 0.7687 0.1526
9 -19.1272 38.9733 1.1264 0.6305 0.6336 1.7522 -1.0289 0.1471
9 8.5748 25.0716 -0.2633 0.8314 0.7435 1.7863 -1.8178 0.1467
9 -11.8517 20.5044 -0.7434 0.4795 0.4759 1.1807 -0.4639 0.1463
9 17.1108 6.2405 -1.1748 0.7495 0.6897 1.8366 -2.8771 0.1452
9 -33.0442 19.3849 -1.2901 0.6052 0.5974 1.6941 -0.9620 0.1439
9 -6.4306 50.3163 1.0046 0.8412 0.7202 1.8983 1.2039 0.1427
10 4.4015 2.5865 -1.9281 0.3450 0.3528 0.8117 -1.9268 0.1424
9 10.8882 32.7490 -0.1074 0.7190 0.6536 1.6990 -2.1880 0.1424
