1 0.9715 -19.2724 -2.1580 4.4463 1.8745 1.6065 1.6898 0.8221
1 0.1354 -52.5366 -3.6265 4.5641 1.8797 1.6507 -1.5306 0.7471
1 5.4078 40.3260 1.2594 4.5656 1.9413 1.8098 1.4177 0.7437
1 -2.8155 22.9557 -0.1596 4.3588 1.8290 1.5893 -1.6798 0.7103
1 9.7315 52.5904 1.6988 4.4366 1.8808 1.7038 1.3723 0.5739
1 1.6467 48.5764 1.7889 4.6872 1.9653 1.7071 -1.7083 0.5664
1 -8.9907 53.6945 1.3924 4.9185 2.0529 1.9607 1.5547 0.4390
1 -33.1187 21.6350 -0.5203 4.4808 1.9082 1.6313 0.3744 0.1666
1 -7.2924 53.7054 0.6448 4.7652 1.9971 1.8234 0.6638 0.1642
1 -32.4740 -2.9769 -2.5114 3.7133 1.7205 1.4981 -0.2465 0.1506
1 13.2615 17.4086 0.4626 4.6829 1.9836 1.7877 2.8934 0.1483
1 47.9997 -0.2845 -0.1341 4.8044 2.0600 1.9020 0.8372 0.1290
1 -29.3612 4.1082 -2.4039 3.9203 1.8013 1.6486 -1.6738 0.1264
1 -3.5915 41.9666 0.6354 4.5146 1.8612 1.6266 -1.5410 0.1239
3 -24.5642 8.3102 -1.1279 4.4517 2.3109 2.8303 -1.3256 0.3646
2 -8.9756 53.7067 1.2754 6.3424 2.5433 3.0399 -1.6792 0.3583
3 -52.1517 -4.1726 -2.9826 8.0796 2.7297 3.3749 -0.0337 0.2137
2 1.6414 48.6521 1.5675 4.9967 2.0007 1.9220 -1.7157 0.1614
2 -6.2847 53.6869 0.4821 7.3711 2.6832 3.1202 0.5240 0.1314
2 9.9822 53.2446 1.7346 5.1321 1.9804 2.0208 1.3512 0.1101
3 16.8013 34.1371 2.1157 3.5915 2.2843 2.7756 0.2096 0.1016
4 -51.5817 -3.6340 -2.6663 8.8966 2.7285 3.2033 -0.1179 0.3299
4 -9.0181 53.6951 1.3189 9.9221 2.7314 3.2658 -1.5672 0.2824
5 -24.1852 7.7896 -0.7547 2.6451 2.1124 3.1865 -1.1010 0.2664
4 -5.9368 53.7012 0.5505 11.9399 2.9085 3.5349 -0.0706 0.1202
5 -13.1296 54.2125 2.7282 13.4944 2.9971 3.9306 2.5990 0.1151
6 -15.7131 15.7858 -1.4074 0.4823 2.4378 1.0525 -1.4296 0.1378
6 14.2963 24.6532 -0.1820 0.4594 2.7297 0.9548 -1.5871 0.1298
6 -13.3955 11.4035 -1.2149 0.4352 1.9077 1.0117 -1.5048 0.1255
6 7.9308 -2.2587 -1.1645 0.4824 1.3037 1.3052 -1.6719 0.1173
6 -15.3767 19.0140 -0.8651 0.5270 2.2689 1.0629 -1.6890 0.1025
7 -21.7510 33.6233 -0.0579 1.9291 0.6367 1.2216 2.5936 0.2405
8 8.0132 -2.2654 -1.0796 1.5797 0.5099 1.1822 -0.2341 0.2091
8 -13.2357 14.4966 -0.6952 1.5372 0.4878 1.0729 -1.1752 0.1775
7 -29.3353 27.5095 -0.1075 1.8081 0.6958 1.6041 -0.8200 0.1712
8 12.5587 26.5393 0.1141 1.6835 0.5948 1.1851 -2.9796 0.1568
8 -6.3341 -36.6287 -3.2447 1.5716 0.4769 1.0786 -1.2893 0.1314
7 15.6402 2.2386 -1.0027 2.5225 0.7246 1.5234 1.4870 0.1180
8 -13.3920 11.3334 -1.0827 1.7053 0.5493 1.1093 0.0573 0.1135
8 -24.0751 6.6469 -1.5101 1.5828 0.5919 1.1832 -1.9266 0.1106
8 11.4538 17.9338 -0.4877 1.5916 0.5311 1.0915 -1.5378 0.1098
7 -28.8355 4.1366 -2.2992 1.8892 0.7002 1.2332 2.0060 0.1059
7 14.5169 16.1063 1.1171 1.7219 0.6942 1.4131 2.5962 0.1021
9 6.7517 -10.3526 -1.2753 0.7344 0.6421 1.7845 1.5582 0.9147
9 -10.7799 -0.6700 -1.1451 0.8769 0.6811 1.7609 -1.5593 0.9147
9 6.1122 3.1707 -0.6434 0.9512 0.7434 1.8458 -1.7033 0.9110
9 -10.2873 3.7921 -0.9435 0.7541 0.6366 1.7013 -1.5539 0.8845
9 5.6066 -10.5555 -1.3274 0.7951 0.6934 1.7368 1.6532 0.8757
9 7.7385 15.3666 -0.3556 0.8475 0.7270 1.8458 -1.7838 0.8314
9 -7.6922 18.2528 -0.3558 0.6701 0.6872 1.7937 -0.5434 0.7904
9 -10.7408 22.0636 -0.2927 0.7460 0.6478 1.7200 -1.6701 0.7774
9 -7.9176 42.5773 1.0175 0.6579 0.6038 1.7572 1.3839 0.7670
9 -8.4461 42.7623 1.1440 0.6333 0.5932 1.7138 1.4470 0.7661
9 8.8178 23.5650 0.0853 0.7240 0.6477 1.7467 -1.9559 0.7442
9 15.4309 -1.1390 -1.0973 0.6470 0.6312 1.7290 -2.9631 0.7434
9 9.1284 17.3672 -0.1893 0.7715 0.6602 1.8161 1.4358 0.7431
9 11.0150 25.1755 0.3018 0.7126 0.6668 1.7953 -2.3952 0.7310
9 -11.2687 22.4048 -0.3247 0.7008 0.6121 1.6900 -1.5267 0.7257
9 -17.9488 22.9753 -0.3978 0.5349 0.5662 1.7031 -2.5031 0.7215
9 -18.4220 21.7498 -0.3415 0.6258 0.6184 1.7358 1.1216 0.7084
9 -18.5216 22.1594 -0.4342 0.5550 0.5507 1.6859 0.6520 0.7047
9 8.5711 20.7814 -0.0390 0.7523 0.6632 1.7832 -1.7498 0.6974
9 -17.2215 14.9073 -1.0829 0.6525 0.6588 1.7221 2.7899 0.6925
9 15.3634 -0.5376 -1.0649 0.6376 0.6263 1.7075 -2.9824 0.6879
9 -7.2427 -41.9563 -3.3045 0.7361 0.6880 1.8301 -1.6302 0.6658
9 -42.9901 1.2519 -2.3226 0.7039 0.7233 1.8838 -3.0918 0.6602
9 -18.5894 22.6109 -0.4015 0.5307 0.5432 1.6911 -0.6367 0.6584
9 10.0017 23.9014 0.1772 0.6674 0.6224 1.7313 -2.0729 0.6579
9 9.5100 19.2965 -0.0951 0.7306 0.6367 1.7864 1.3410 0.6353
10 8.5417 -2.2401 -1.2004 0.3775 0.3770 1.2322 1.0706 0.6302
9 9.9899 25.8510 0.3439 0.6912 0.6286 1.7577 -1.7585 0.5954
9 -6.4714 -46.8194 -3.6451 0.6889 0.6392 1.8281 1.7600 0.5910
9 -18.0578 14.9783 -1.0866 0.6519 0.6528 1.6679 0.9929 0.5844
9 -6.1093 -49.0690 -3.6354 0.7374 0.6618 1.9086 1.6221 0.5793
9 -43.0159 6.6934 -1.9231 0.7028 0.6883 1.8345 -2.6952 0.5771
9 -6.7166 -47.2452 -3.6935 0.7327 0.6549 1.8397 1.8788 0.5578
9 -48.8130 -0.5413 -2.4832 0.7877 0.7609 1.8844 3.0310 0.5542
9 -40.3987 4.2800 -2.4288 0.6558 0.6667 1.7101 -0.0602 0.5275
9 13.3296 43.7853 1.8061 0.7154 0.6599 1.8085 1.3322 0.5045
9 -14.4352 14.5564 -1.0352 0.6405 0.6167 1.4156 2.7268 0.5015
9 -16.0713 14.3842 -1.2557 0.5833 0.5904 1.4746 1.5704 0.4919
9 -18.3633 15.3776 -1.0508 0.6619 0.6565 1.6228 -0.2802 0.4837
9 -6.1409 -46.4527 -3.7252 0.6943 0.6422 1.7998 1.6765 0.4790
9 -29.3288 27.4774 -0.0624 0.7028 0.6575 1.5528 -0.2103 0.4670
9 -5.8527 -53.9024 -3.6683 0.7203 0.6649 1.7893 2.9617 0.4567
9 -28.6343 25.2042 -0.1503 0.6960 0.6401 1.7514 1.1558 0.4418
9 -39.4698 -3.3975 -2.5718 0.6257 0.6316 1.6868 2.7930 0.4188
9 -15.0609 19.0753 -0.8288 0.7631 0.6352 1.1923 1.4816 0.4159
9 33.8174 -1.0269 -1.0048 0.7091 0.7281 1.8743 0.1287 0.4140
9 11.1984 28.1288 0.7841 0.6331 0.6296 1.7750 -2.5784 0.4117
9 13.8732 26.9955 0.6734 0.6233 0.6019 1.5042 -0.2647 0.4097
9 -17.5213 14.6096 -1.1006 0.6696 0.6746 1.6865 1.6850 0.4091
9 -15.5672 19.1344 -0.7690 0.6968 0.6111 1.2957 -0.6047 0.4082
9 -37.6056 -2.3632 -2.4946 0.7099 0.6761 1.7936 -1.7416 0.3949
9 -16.1326 19.9079 -0.6609 0.5959 0.5909 1.5433 -3.0553 0.3790
10 -31.2101 22.6720 -0.6858 0.3946 0.3781 1.2009 0.0891 0.3747
9 -14.8177 14.4771 -1.2090 0.6362 0.5846 1.3232 2.5834 0.3707
9 -13.4313 19.6612 -0.5476 0.6712 0.6205 1.2228 0.7283 0.3592
9 -40.6159 -3.7101 -2.7092 0.6622 0.6350 1.4780 1.0170 0.3101
9 -18.1800 22.0715 -0.3920 0.5509 0.5602 1.7302 1.7314 0.3042
10 7.7635 -2.2924 -1.1458 0.4301 0.4178 1.2078 0.5317 0.2999
9 16.3270 26.9486 0.7533 0.6579 0.6149 1.3708 2.1800 0.2984
10 11.1401 -2.0239 -1.4251 0.3528 0.3602 0.9159 1.6436 0.2959
9 8.6306 28.4235 0.6434 0.6806 0.7158 1.8422 -2.8112 0.2913
9 -40.5924 3.7538 -2.3387 0.5834 0.6331 1.8421 0.1470 0.2562
9 -8.8164 42.9918 1.0698 0.7749 0.6544 1.7801 1.3424 0.2550
9 -18.9441 22.3619 -0.4006 0.5657 0.5675 1.7271 0.6149 0.2534
9 -28.9825 27.2069 -0.2567 0.7098 0.6612 1.4837 0.4417 0.2470
9 -14.4488 19.1096 -0.7653 0.6259 0.5878 1.1489 0.9465 0.2465
9 12.6343 27.7396 0.5526 0.4918 0.5069 1.5190 -1.5849 0.2446
9 -16.6362 19.2452 -0.8684 0.5916 0.5761 1.4211 -2.9689 0.2357
9 -5.5155 -53.6049 -3.9910 0.7011 0.6417 1.7492 1.9201 0.2320
9 17.6002 27.6867 1.0875 0.6128 0.6238 1.6896 -2.4066 0.2318
10 -21.7831 33.6344 0.0767 0.3926 0.3915 1.0251 0.1156 0.2308
9 9.9546 19.3411 -0.2167 0.7570 0.6531 1.7453 1.3315 0.2213
9 14.5802 15.9788 0.8970 0.6591 0.6546 1.7963 -0.0301 0.2199
9 11.2209 28.5632 0.8231 0.5873 0.6080 1.7879 2.7084 0.2183
9 -9.9824 37.8953 0.4148 0.5902 0.5947 1.4742 -0.0343 0.2173
10 -9.1107 27.4169 -0.3227 0.3455 0.3525 0.8084 2.5901 0.2130
9 -12.4147 5.2954 -1.2207 0.4983 0.4821 1.1939 0.2330 0.2126
9 -15.6883 15.0472 -1.2139 0.6577 0.5803 1.2961 -0.4300 0.1993
9 9.7000 25.3189 0.2333 0.7649 0.6509 1.7487 -1.9953 0.1954
9 -6.4551 -54.0502 -3.8432 0.7288 0.6639 1.7875 2.6613 0.1953
9 -17.3012 15.4103 -1.0837 0.6792 0.6989 1.6130 -2.3254 0.1951
9 11.9131 27.6593 0.5484 0.5341 0.5415 1.6607 -0.3294 0.1946
9 10.1677 25.3785 0.2845 0.7888 0.6603 1.7997 -1.9317 0.1897
